-0.073470466
0.030706398
-0.022808671
-0.014993042
0.070669636
-0.04424059
0.027094238
0.06664604
0.050741404
0.007242307
-0.03372383
0.022517882
0.05710472
-0.07316589
0.06967704
0.007932417
0.06517774
-0.03415495
0.04771158
-0.06510027
-0.0634117
-0.0723029
0.023793593
0.021831758
0.014577828
0.05075097
0.044592842
-0.046699308
-0.0643936
0.017597176
-0.0025417954
-0.052351266
0.043997586
-0.064371616
0.059301123
-0.07513961
0.039185904
0.015597537
0.069368124
-0.029513463
0.06678198
0.048734218
0.078954875
-4.786998e-05
-0.030573614
-0.012971759
0.0034471601
0.07793708
-0.052255303
-0.049320996
0.075295866
0.037853703
-0.018021345
-0.039300423
0.029878251
0.02633556
-0.039222218
-0.022675566
0.07441349
0.038733833
0.07621504
0.07546349
-0.06689075
0.072651595
-0.013854995
0.005782649
-0.07081274
0.03839623
-0.074739486
-0.041025493
0.066440806
0.05532843
0.017749831
-0.0726225
0.04427293
-0.074837945
-0.031953286
-0.027988415
-0.0036236346
0.036544695
0.051367223
0.0025544167
-0.02744722
-0.080661066
0.0535015
0.077540845
0.072244555
0.023718007
0.06688109
0.06535235
-0.021400336
-0.030205928
-0.00697577
-0.011921436
0.05642599
0.049914867
0.017517373
0.016917422
0.07021546
-0.017613284
0.012726992
0.017934985
0.037400745
0.008671127
-0.07035027
-0.06264856
-0.028168835
0.012651704
-0.036973704
-0.063289806
0.06333916
0.03661271
-0.0009052232
-0.067803234
0.053043693
0.015808254
-0.05946496
-0.016145274
-0.04316184
-0.026405327
0.007935852
0.047522992
-0.04640674
-0.069069475
-0.0023489818
-0.029104974
0.080920175
-0.0077729747
0.036400184
-0.033309
-0.01846385
-0.02324647
0.021501623
-0.06359893
-0.032659426
0.0691787
0.03844828
-0.04926535
-0.07955882
0.0058157966
-0.07179521
0.027149364
-0.025137454
-0.001934357
0.027295232
-0.022556216
-0.044182114
-0.040797606
-0.055822887
0.013479024
-0.0030841082
-0.027695391
0.028857961
-0.07605433
0.06291929
0.020260908
-0.009525724
0.013725065
-0.03223464
-0.04522314
-0.03991799
-0.07370447
0.010941178
-0.011485845
0.022068053
0.037115157
-0.04274991
0.04343058
-0.039004568
0.059451297
0.043265857
0.05346924
-0.010814562
-0.023628592
-0.043236203
0.043152057
0.054032445
-0.07458563
0.022283085
0.06029658
-0.0698712
0.073302
-0.061762355
-0.07403685
-0.0017373338
-0.059972294
0.022718698
-0.031404078
0.010200046
0.044715732
0.060743406
-0.047904514
0.054314226
0.010464281
-0.018614523
0.037880532
-0.07919968
0.004975088
-0.08097033
-0.07439478
0.0652103
0.071525455
0.030236691
-0.001516901
-0.039505128
-0.07788376
-0.065051675
-0.028263569
0.08031432
0.076663375
-0.059376873
-0.042271905
0.04762152
-0.04405554
-0.03744512
-0.031238593
-0.07025103
-0.08003667
-0.040977743
0.03061328
-0.0211584
0.031858295
0.0369424
0.038148075
0.013894767
-0.07197956
0.022103906
0.061840832
-0.009231269
0.05064197
-0.04244701
-0.018822074
0.028190322
0.074255094
0.023716941
0.07469711
0.035836793
0.062287956
-0.019646961
0.056410134
-0.008993663
0.05623707
0.0092328265
0.08009383
-0.0071349144
-0.04559191
-0.062452346
-0.031670015
0.029214889
0.05529225
0.054813236
-0.06099427
-0.05971828
-5.6266785e-05
0.06303601
0.0058800727
0.019933954
-0.03122729
0.039458662
0.079606876
0.01898779
-0.07266799
-0.030292612
-0.04170219
-0.07953365
-0.060639977
0.048833907
0.021690816
0.07149705
0.047964334
-0.001990214
0.039438218
-0.03902459
0.051755607
-0.07967318
-0.018203743
0.015511997
0.04023563
0.072189465
-0.039988
-0.050540436
0.047258392
0.0138328895
-0.04150234
-0.029597454
-6.7994e-05
-0.07645799
-0.036243953
-0.016614638
-0.007976137
-0.055761725
0.026023574
0.027227722
0.05962123
-0.0034181923
0.031885862
-0.05183778
0.010803893
-0.07151024
-0.060055487
-0.07885031
0.05896592
0.002723366
-0.020898834
0.0563602
-0.068932906
-0.0086796805
0.025819972
0.07122195
0.07321669
0.0025177747
-0.01527293
0.061704144
0.041191787
-0.0030375496
0.06307301
0.030767389
0.031908713
0.08088684
-0.018177956
-0.07547942
-0.054952234
-0.04320423
0.048358947
0.05660814
-0.06572275
0.07853229
0.06254847
0.0017969683
0.025044218
-0.06444443
-0.05922824
0.06342572
-0.00014480203
-0.03251473
-0.034137987
0.06154178
-0.04786753
0.056014746
-0.075822
-0.016537704
0.03385427
0.058406606
-0.048157047
-0.031938277
-0.053394113
-0.07483047
-0.052688967
-0.043487858
-0.04147507
-0.031920884
-0.014764108
0.007238969
-0.067650795
0.06714268
-0.06981024
-0.030697726
0.03352066
-0.003158167
0.018684983
0.004239112
0.076146334
-0.04297629
0.081589445
0.03944101
-0.017540686
0.030815527
-0.06917497
0.06933616
-0.016930133
-0.016877353
0.0043733194
-0.009508625
0.03502085
-0.06035905
-0.008327328
0.07100566
-0.019845191
0.023918912
-0.0019321889
0.035231173
0.03305058
-0.047528386
0.054064617
-0.06371795
-0.02268973
-0.023559079
-0.00052080303
-0.030944664
-0.045888785
-0.061122335
0.06032282
0.06661877
-0.002728641
-0.0063522235
-0.06880173
0.018161558
0.057061195
-0.017821454
0.028986461
0.06091173
0.024094306
-0.069931135
-0.05799225
0.037699886
0.002017565
-0.031880043
-0.06672112
-0.07009305
0.00352785
-0.044184566
-0.008069463
0.025917374
-0.021140728
-0.041023742
-0.03207516
0.006995611
0.008490376
-0.014685884
0.07630202
-0.024154548
0.02899272
0.012344345
0.05885318
-0.062606804
0.019192636
-0.075266294
0.04725164
0.058559373
0.06750712
0.04599163
0.07133524
-0.07463473
0.059098423
-0.07777428
0.016425557
-0.030976415
-0.056314725
0.07743925
0.043821618
-0.076598436
-0.013826847
0.034450926
-0.00654307
-0.08105141
-0.07874452
-0.00844422
-0.08007627
0.06252876
-0.0136986375
0.0784435
0.021143392
-0.022247814
0.01210285
0.060886323
0.0027464628
-0.03400321
0.029449187
0.07327376
-0.050602265
-0.076630294
-0.02046037
-0.032343313
0.014010973
0.03942337
-0.059977926
-0.02113546
-0.07435355
0.06860846
-0.07805482
-0.0056779683
0.06495237
-0.029066894
0.07584533
-0.029708162
0.08005442
0.028152533
0.006663196
0.025210544
-0.039068244
0.051029548
0.060946584
-0.00837639
-0.079470575
0.055041134
0.037301593
0.036026858
-0.034223028
-0.07350346
0.07805438
0.014640316
-0.009234503
0.0656223
-0.03475234
0.036915988
-0.052941605
-0.031475842
0.022434637
0.0533787
-0.07805539
-0.06528622
-0.068953104
-0.04055611
-0.018115588
0.07161346
0.033554897
-0.069780655
0.0052162632
-0.036009114
0.020420887
-0.0083051175
0.051224515
0.0054823086
0.048748463
0.0044996515
-0.069870204
0.06832518
-0.020104285
-0.0568344
-0.05539301
-0.010985181
0.014251314
-0.06005279
-0.0031385124
-0.010220081
0.015637793
0.054957524
0.019948356
0.031314462
-0.026591312
-0.042766206
-0.009504378
0.03866978
0.028113842
-0.068702705
-0.056569185
0.0583712
0.068675354
0.0023898631
0.04620512
-0.028210942
0.049889877
0.014127813
-0.08127311
0.04400763
0.0629264
-0.0339301
-0.038048845
-0.0464721
-0.009553
0.06924963
0.07354072
-0.020365473
0.05836487
0.062394336
0.053755432
-0.0010141134
0.008119069
0.040064685
0.037338026
0.013480328
-0.06850629
0.020460695
0.010591827
-0.040377777
0.0032726526
-0.06502892
0.0021864995
0.049705103
-0.018516824
-0.044404317
-0.04555964
0.078281656
-0.05815345
-0.07944287
-0.06364147
0.06701909
0.043429002
-0.0031051487
0.028182983
0.024737664
-0.049179018
0.056261137
0.013811067
0.053778112
0.005118698
0.058006555
0.028484873
0.041780837
-0.024166353
0.008607008
-0.0616855
-0.01832331
0.029310904
0.059209213
-0.07348785
-0.02328666
-0.06993875
-0.06930915
-0.05351659
0.05822383
-0.022616133
-0.003322132
-0.029077709
-0.079304576
0.016648397
0.031303056
-0.0433612
0.05220507
0.05173725
-0.060106225
0.05639422
0.02502288
-0.039256703
0.07292952
0.004047334
-0.012037039
-0.015714355
0.0676454
0.058323994
0.042274803
-0.0040145367
-0.07454715
0.02710557
0.048762336
-0.0029210672
-0.034615528
0.011768632
-0.037378408
-0.056120135
0.04472284
-0.0034705997
0.0014200732
-0.012209527
-0.06960213
-0.07310105
0.016295113
-0.052136168
-0.019503724
-0.07010811
-0.078112185
0.08000764
0.040034525
0.02093786
0.07834865
-0.0026339144
0.057114452
0.007838249
-0.03518833
0.011317752
0.03118638
-0.06131959
0.009057365
0.038618572
-0.058239758
-0.039888885
0.050349057
0.04188162
-0.065179855
-0.034087647
0.070978165
0.06563684
-0.00038581342
-0.010145426
-0.014128067
0.073281705
-0.012680061
0.023321263
-0.007293135
-0.054843515
-0.027620018
0.08080359
-0.060335808
0.019957408
0.027992964
0.055086568
0.040824905
-0.059489224
-0.023073353
0.01888977
-0.055487297
-0.031576615
-0.073834226
-0.07438875
0.026093759
0.07475282
-0.06946641
0.0036251396
0.047549754
0.016250715
0.037666336
-0.03883949
-0.034779496
0.07843888
0.0010723174
0.059043095
0.032614186
-0.017042078
0.029202849
-0.010235898
-0.03431279
-0.017761573
-0.06521681
-0.058159858
-0.06422021
-0.03536125
-0.07711164
-0.07271745
-0.006096579
-0.051635727
0.07863316
-0.043344963
-0.051277984
0.021336496
-0.032229733
0.033130534
-0.006816581
0.035959505
-0.048367377
0.013287269
-0.034158465
0.050009027
-0.07423363
0.06978911
-0.03126602
0.072046995
-0.013814211
-0.08066046
-0.04229718
-0.018470027
-0.052769978
-0.016290285
0.034536712
0.05385849
0.062375173
-0.022240885
-0.04471611
-0.037258603
0.04614392
-0.027840126
-0.07450505
0.0075342953
0.075928316
-0.04684659
0.023571886
0.010467209
0.027525678
0.0058654994
-0.03242046
0.048801243
-0.028388515
-0.040635232
0.05693969
-0.06897366
0.059708327
-0.011296429
-0.013487861
0.02494485
-0.06066473
0.02842196
-0.06426192
0.07929106
-0.07977039
0.018462554
0.062206432
0.010928571
0.077150315
-0.043511063
0.018178046
-0.03777588
-0.042175535
0.059417114
0.07535684
-0.009346515
-0.06422647
0.050431266
0.06974132
0.0136775
-0.043160234
-0.019249186
-0.0676843
-0.055023853
-0.030421503
-0.01336731
0.04282467
0.03030508
0.034638733
-0.056224898
-0.07077627
-0.06960027
0.050229758
0.0602836
0.07588939
-0.017247327
-0.06776998
0.08133626
-0.0789772
0.010570489
-0.031511936
-0.0048380345
-0.039076954
0.012031771
-0.065428644
0.06756458
0.035466686
0.080111235
-0.0020795763
-0.0027134493
0.025637195
-0.071325876
0.008759633
0.0034752786
0.05204338
-0.012440883
-0.081446804
0.002873458
0.04534152
-0.01676467
0.05330676
0.051342994
0.048778713
0.029632114
0.059403196
-0.03045483
-0.020859443
-0.054488547
0.014271572
-0.02804372
-0.030426845
-0.045721244
0.077941805
0.0010231584
0.079635605
0.020799033
0.06005007
-0.0111826435
-0.05032296
0.035753578
-0.055981174
0.00644473
-0.014307655
-0.023399558
-0.016867168
0.076268
-0.039939586
-0.07632519
0.047286376
-0.00456658
0.037132084
-0.07111679
0.05813189
-0.0067830905
0.07797256
-0.011507757
0.07009992
0.036997445
-0.05264397
0.0016726181
-0.06006261
-0.0040064454
0.012288846
0.0575563
-0.03858346
-0.04991196
0.06912254
0.045025468
0.024683155
0.04744932
-0.021581288
0.00083657354
0.05667627
0.009749919
-0.050825752
-0.032989502
0.07244106
0.06999248
-0.04162111
0.024210028
0.022243649
0.04896459
0.014434747
0.012036011
-0.072127014
0.0072944164
-0.07333955
0.049947456
-0.06500504
0.06732957
0.03533373
-0.026845977
-0.0065146983
0.0605402
-0.06568004
0.064056054
-0.075265236
-0.056065023
-0.07288742
-0.072908774
-0.016647331
0.029110022
-0.023100331
-0.03618779
0.0154919475
0.08028817
0.05103527
0.07025793
-0.013914689
0.056583658
-0.029529165
0.025594741
-0.022337418
-0.07831565
-0.059880972
0.040741853
0.005725406
0.015952133
-0.05971906
-0.07483293
0.062181562
0.021252804
0.07448356
0.0341582
-0.035114
-0.012055866
-0.078751676
0.08003195
0.05434528
-0.0033001378
-0.047957055
0.08138679
-0.011259742
0.05833891
0.0002117604
-0.06823194
-0.04580029
0.034245037
-0.01047267
-0.0530172
-0.029578824
0.04718922
0.033149295
0.054598153
-0.014419273
-0.05052859
0.080428645
-0.06518153
-0.047540408
0.027403243
-0.07375415
0.02927702
-0.03290237
-0.03923229
-0.01344908
0.01646769
0.06490953
0.0050641894
-0.0060805976
0.060397014
-0.046652332
-0.042521324
-0.028438479
-0.025339063
0.0027774721
-0.045846164
-0.038534794
-0.044388976
0.0062539726
0.07100247
-0.033630252
-0.059563052
0.015541792
0.034411862
-0.05892124
0.034780733
-0.052491963
0.04821667
0.02063281
-0.07213233
-0.058990337
-0.056504887
-0.0017056018
-0.068969816
0.050195023
0.07910873
0.039739303
0.04487948
-0.0029778332
-0.06268959
0.0149831325
0.02383241
0.052825272
-0.04999485
0.0655379
0.07445957
0.008683138
-0.077486016
-0.065892115
0.022448376
0.02136112
0.07238527
-0.017948166
0.004281044
-0.06645882
0.008808598
-0.026882917
0.07396124
-0.020955462
0.021621816
0.011421755
0.06693007
-0.053171773
-0.022869885
-0.07118975
-0.013377562
-0.08079922
-0.06755383
0.0059718788
-0.07851122
-0.026499234
-0.006848119
-0.033025216
-0.061439946
-0.028732516
-0.053390883
-0.061120182
0.0014223307
-0.009109825
-0.07404661
-0.07304492
-0.057716306
0.055752635
-0.0075144246
0.0059632435
-0.06799197
-0.043195155
0.04625079
0.031071194
-0.00669235
-0.027193159
-0.053199716
-0.0028186962
-0.069155246
0.07492377
0.03269493
-0.0192421
-0.028068647
0.067950815
0.022636391
-0.05838643
0.002092801
-0.026743077
-0.041519124
0.039299823
0.029301092
0.0023571774
-0.03744678
0.035449035
-0.012199968
-0.02026875
-0.07083834
-0.030876558
-0.042245984
0.057084426
-0.024405386
-0.07320496
-0.0543307
0.06733011
-0.035716586
0.0064806417
0.04819104
-0.02602185
-0.047288693
-0.04948235
-0.06779482
-0.058002964
-0.03687095
0.00041793287
0.0023011863
0.01622159
-0.0053270683
-0.034607273
-0.06589392
-0.059721395
-0.050739378
0.057428896
0.038111046
0.047131598
-0.02923141
-0.036679424
-0.01681792
-0.05130545
-0.037303295
0.036998346
-0.006630525
-0.078293815
-0.054221354
0.045939416
-0.034726232
0.079596534
-0.055635177
-0.06794527
0.07940498
-0.06622115
0.07027717
0.059170827
-0.0068969727
0.058514714
-0.06924765
-0.026199553
-0.043944143
-0.06802361
0.07810253
-0.012787215
-0.034934334
-0.04052949
0.064515844
0.06463924
-0.039345354
0.04271535
-0.06399372
-0.07044769
-0.011735372
-0.068395905
-0.0143964365
-0.053136986
0.076584086
-0.008101225
-0.018772736
-0.008404791
0.04999216
0.014231756
0.010202713
0.04401572
-0.023368467
-0.07227389
0.018198952
0.04489681
0.054001838
-0.015658647
-0.056257542
-0.044968825
0.039231762
0.0365282
-0.029771972
-0.07929501
0.003781952
-0.020617235
-0.0024156645
-0.06259036
0.026838094
0.02433592
-0.049185634
-0.06416548
0.025487684
0.069737345
-0.053621426
-0.029020816
-0.043408852
-0.02600719
0.071867034
0.03611891
0.054045737
0.04252363
-0.059122294
-0.021307439
0.048949987
0.022339277
0.031245723
0.04321652
0.0415065
-0.031141717
-0.0075251535
0.06596801
-0.068338536
0.023802415
-0.009609483
0.04615009
-0.024037551
0.066551834
-0.020870235
-0.041110028
-0.05803238
0.03344462
0.010699578
0.05074489
-0.022363551
-0.04338336
-0.062864706
-0.06395416
-0.07719
0.016130336
0.036730386
0.081545204
-0.076895006
-0.002144076
-0.054869026
0.069453165
-0.031850792
-0.031052284
-0.07521007
0.03541349
0.06129615
-0.003030695
0.04186915
-0.036394197
0.056060642
-0.006849773
0.028274372
-0.011745289
-0.041298788
0.042888768
-0.055791974
0.00441806
-0.0083831325
-0.047594294
-0.078247994
-0.005506225
-0.049701173
-0.029108185
-0.026410643
-0.012293935
0.029384397
0.07276149
0.0030577257
-0.0022649541
0.03849888
0.045496643
-0.026463933
0.023777992
-0.060599815
0.07568455
0.08133905
-0.08119513
-0.005338788
0.020872049
0.02413977
0.05046493
0.057116657
0.061564147
0.02687823
0.040501945
-0.067742
-0.039861098
-0.012536034
-0.07655278
0.024320938
0.04743798
-0.0725594
0.07166593
0.041800156
0.012533203
0.06699717
-0.075615644
-0.026545957
0.034455508
-0.03848394
0.055404305
0.07570398
-0.049784023
0.0020198151
-0.03236932
0.058615237
0.041409202
-0.055257816
0.078290835
-0.01302249
0.080853164
-0.064843185
0.00052493066
0.07653427
0.06357011
0.0015152693
-0.025985155
0.07117286
-0.017069966
0.00052687526
0.04748629
0.0043103397
-0.032512296
-0.037285358
0.018082365
0.059075937
0.026000313
-0.059358127
-0.0347338
-0.0016508251
0.0042487457
0.024724483
-0.009557866
-0.020228144
0.014865413
0.04531066
0.03736844
-0.054083586
-0.028874457
-0.07881067
-0.027913906
0.024880558
-0.00082532316
-0.03983765
0.07680036
-0.06879538
-0.023654416
-0.0001270324
0.046346486
-0.04346114
-0.028317783
-0.0074472874
-0.017056078
0.054924324
-0.067122824
0.07566063
0.050460547
0.033829994
0.05836512
0.016591333
-0.05548258
0.051895007
-0.07785913
0.005303487
0.046279
0.032174885
0.009017728
0.034030654
-0.0125926435
0.05262074
-0.07092656
0.07225597
0.055149138
-0.06616404
0.07760033
-0.052934617
-0.034953043
-0.026266158
-0.019597787
-0.07158592
-0.08030479
0.068565965
0.06252518
0.028570898
0.06442897
-0.07908519
-0.0446842
-0.05336763
0.0027864277
-0.07288817
-0.03757994
-0.05740811
-0.051826872
0.07719584
-0.021273479
0.0636515
-0.06330921
-0.009872295
0.05719377
0.02160877
-0.054354683
-0.07902792
-0.013972305
-0.02579774
-0.07183835
0.045677885
0.008124143
0.07710402
0.031253017
-0.03455985
-0.026636183
0.07176171
0.03823004
0.05059673
0.052265435
-0.005765386
0.0155271515
-0.06530659
-0.056673333
0.01244165
0.0144645795
-0.07162975
-0.03203124
0.025123157
-0.07291423
0.068617836
0.00086753815
-0.048339102
0.01610478
-0.07809041
-0.026546005
0.042796716
-0.023041017
0.05267988
0.039833657
-0.052276786
-0.07144527
-0.057494044
0.016112208
-0.034259614
0.054836825
-0.025695294
0.074557886
-0.028491672
0.047258824
0.013612829
0.050257295
-0.023917101
0.057349905
0.0750296
-0.007791579
-0.068034254
-0.023841549
-0.04787691
0.0075911283
0.026768178
0.033012144
-0.06862001
0.06527662
0.035764366
-0.02748958
-0.06581368
0.049236223
-0.04898612
0.027033396
-0.03026459
-0.018698521
0.026281305
-0.07482203
0.017670423
-0.0707675
0.07528192
-0.077327944
0.047402456
-0.0038186237
-7.367879e-05
-0.02370128
0.056797683
0.0063301325
0.07739912
0.043402076
-0.00803598
-0.04009684
-0.017392278
0.03408791
-0.051442314
0.011175528
-0.07294943
0.06506261
0.072239384
-0.033791885
0.015480295
-0.056872107
-0.05112263
-0.009344168
0.013028562
-0.049176883
0.016099147
-0.04007424
-0.027681462
0.06455666
-0.066307954
-0.024872541
-0.02642683
0.049366534
-0.006406091
-0.06351158
-0.057734955
-0.044092644
-0.07251488
-0.007699296
0.009867683
0.0021534339
0.055088907
0.0757142
0.07379608
-0.07352038
0.015048206
0.002470687
-0.05077
0.004254788
0.08015439
0.013396323
-0.026686698
0.07691726
0.034873657
-0.0033892244
0.01509247
0.019151717
-0.05932995
-0.042232387
0.07064441
0.025874846
0.028622292
0.077611744
-0.019259717
-0.06748388
0.073734075
-0.0713165
-0.028093778
-0.010507405
0.008095063
-0.070701644
-0.004990071
-0.010869987
0.0640689
0.05728762
-0.04905627
-0.027244844
-0.042808846
0.05521609
-0.0025015324
-0.011684515
-0.010182835
0.07844214
0.043695346
0.029623285
0.053612545
0.06927565
0.05723615
0.011328086
-0.050039887
0.027967237
-0.007339336
-0.07459638
-0.020779412
0.0019782707
0.057468727
0.0064458176
-0.03742775
0.031850882
-0.010951988
-0.043787308
0.070096835
-0.06282273
0.036429867
0.0800627
-0.02846831
0.07628487
-0.060758207
0.033606365
-0.02908605
0.014786072
0.073740646
-0.011411846
-0.038302567
0.073938146
0.07500562
0.027801603
0.07581738
0.07346623
-0.009802721
0.07820356
0.021248959
0.0094408095
-0.056590084
0.042493746
-0.029143535
-0.007133208
-0.07435997
0.03483066
-0.0016860887
0.02442567
-0.043005675
-0.04138857
0.059908018
-0.07074182
-0.07007503
0.07192658
0.08079672
-0.053243957
0.031399757
0.075262606
-0.06499331
0.07258472
0.03729114
0.038133197
0.0808014
0.0029561818
-0.053178392
-0.04519279
0.037274845
0.061193645
-0.07165018
-0.0010074005
0.07419841
-0.007544026
-0.01899612
-0.0073002353
-0.034392085
0.03268773
-0.06350468
0.07355811
-0.010558039
-3.0696392e-05
-0.028153826
0.057091206
0.07632935
-0.005213298
-0.043183282
-0.017250888
0.077248484
-0.06356619
-0.048247024
0.0041519105
0.038004488
-0.028734501
0.06983857
0.07440914
0.046901777
-0.012707561
-0.040607132
0.058022678
-0.0005531162
0.04648508
-0.03601802
0.0265555
0.06866862
0.069230154
0.028218813
0.028286733
-0.06596534
-0.08080408
0.031111285
0.08081488
0.06706302
-0.043583296
0.0221005
-0.012927994
0.06830627
-0.060001094
-0.05492673
-0.06626556
-0.066658914
0.014765069
-0.045358237
-0.024757132
-0.008463472
-0.06365399
-0.026814587
0.011830747
-0.081607565
0.028116778
-0.06957729
0.012643628
-0.054516207
0.073560804
0.0393722
0.022119984
-0.037617616
-0.029944528
-0.017558709
0.039474517
0.078343004
0.013324931
0.0011078045
-0.0029420257
-0.01747571
0.0307962
-0.012567811
0.023244657
-0.038842235
0.019161701
0.02818834
-0.060891464
-0.050726034
-0.04942571
0.04808563
0.060944363
0.038124934
-0.016961701
0.017032646
0.058350578
0.050079197
0.069208875
-0.07406441
0.02143336
0.0022124723
-0.03484586
0.05274108
-0.021514002
0.07302092
-0.024668276
-0.021470211
-0.044175047
0.068175524
-0.03983146
-0.048762504
-0.03947076
0.06822267
-0.028051373
-0.056035027
0.027860917
0.07254757
0.06940073
0.04548721
0.046369478
0.08053796
-0.061263215
0.06280525
0.0576486
0.017444946
0.022502623
0.03909138
0.008544236
0.07077849
0.053784594
0.011239752
-0.013608754
-0.06647269
0.043686584
0.0066218674
0.02338583
0.06010422
-0.08151916
-0.037269015
0.049260363
-0.069577865
-0.073594995
0.04850839
0.06843479
0.048121497
-0.03719774
0.049469262
0.03586953
-0.025514927
0.07976201
0.04689233
-0.012232207
-0.058210462
0.056709662
-0.072490774
0.07444081
-0.022421934
-0.03597055
0.022016712
0.054102764
0.050101623
0.019110829
-0.008343816
0.03385245
0.020345569
0.021973215
-0.04199508
-0.0007757321
0.056925938
0.05047354
-0.08013052
-0.060949683
-0.017764777
0.009235285
0.06995456
0.027253151
-0.050788708
-0.07463587
-0.04391891
-0.071423054
0.076087505
-0.027166925
0.07988235
0.05573766
-0.061990913
0.06073624
-0.04509377
0.023161106
-0.06326425
-0.02210924
-0.051748477
-0.072854154
0.026010275
-0.0012701079
0.011346534
-0.03779204
0.013960838
0.0031626746
-0.050272223
-0.03818007
0.0022799894
0.026330262
-0.0416233
0.054716274
-0.07686756
0.023885876
0.079131946
-0.08126981
0.023350239
-0.06566714
-0.017074756
0.050643995
0.059824303
-0.042638768
-0.07912264
0.0024354681
0.05872616
0.046190128
0.032751873
-0.016444564
0.009308927
-0.06789973
0.07420756
-0.046996027
-0.053794853
-0.024699599
0.013030365
-0.052485608
-0.03339566
0.061793566
0.011768624
0.023384653
0.020457141
0.04376705
-0.08030864
-0.008927159
0.061926097
-0.07822732
0.07171893
-0.05484586
0.06891978
-0.0566504
-0.017313048
-0.023574162
-0.055231262
0.021330409
0.0059444457
-0.07068459
0.06840432
0.079030916
0.02735418
-0.043060746
0.060157955
-0.00019358844
0.077240065
-0.019828372
0.06353663
0.039117865
0.018318407
0.07837601
-0.018539935
0.06994109
-0.0048596635
-0.025340628
0.07578246
0.074279815
-0.048078284
0.0774086
-0.034707487
-0.05694516
0.050535634
-0.07218438
0.025335483
0.06365594
-0.045085013
-0.060274974
-0.07528482
0.024871118
0.008326754
0.073356435
-0.048833188
-0.03173838
-0.0048304796
-0.032671794
0.015570253
0.045673624
0.01638592
-0.0665916
-0.0077607483
0.047179177
-0.01648815
-0.045094464
-0.049968638
-0.025738977
0.016704224
-0.043705266
-0.023573685
0.0436804
-0.0394718
0.0362022
0.027878515
-0.027249865
0.07591125
0.022743933
-0.041915897
0.0029450655
0.015956901
0.05411969
-0.042755984
-0.036709968
0.005374059
-0.029253457
-0.06322507
-0.0009390563
0.0040555596
-0.053777862
-0.07433211
0.029884957
-0.029313948
0.07876563
-0.050824173
0.059070528
0.012203507
0.04929687
0.07696089
-0.06141594
0.034034446
0.041987993
0.041279048
0.031996295
0.05966215
0.075510055
-0.052104264
-0.07977726
0.03799396
-0.07553989
0.023865923
0.019884087
-0.053280376
-0.03467377
-0.00037889183
-0.045080263
-0.023875948
0.039447464
0.024851322
0.040150754
0.053857118
0.007133402
-0.06949816
-0.08026136
0.044818446
0.025897183
-0.01218529
0.053015217
0.00823351
0.004689172
-0.07202537
0.023635484
-0.07508372
0.05596955
-0.0037770346
-0.0020539388
-0.05365646
0.0031456426
-0.07071063
0.012957782
-0.060337305
0.07523778
-0.02171458
-0.0666437
0.05755298
-0.06298522
-0.039213758
-0.058328215
0.04791668
-0.073396936
-0.0014336631
-0.062079757
-0.057071403
-0.06753828
0.021995403
-0.033448033
-0.028573304
-0.014810815
0.034387805
-0.073428266
0.02831757
0.07062371
0.0697076
-0.06598284
0.004007004
0.041777976
0.061964363
0.07209611
0.07212235
-0.022742309
-0.03301193
-0.006972395
-0.03949958
-0.080448955
0.009690456
-0.005799316
0.057295218
0.046481654
-0.07746322
0.062229812
0.07413919
0.020939223
-0.010057509
0.07441746
0.029624932
-0.05630727
-0.045102365
-0.062238783
-0.028503507
0.021475859
0.080954894
-0.039277114
0.050881594
-0.07240927
-0.051427044
0.06982419
-0.033857238
-0.034320205
-0.044396374
0.019420788
-0.05414885
-0.039904334
-0.014488906
0.05282086
-0.021551408
0.059296235
0.020492315
0.026844062
-0.035720054
-0.034580484
-0.060368396
-0.02904556
0.008431964
0.030625857
-0.057863623
-0.026868869
0.045360982
-0.011446454
0.05516322
-0.0037345216
0.08159006
-0.022737324
-0.079292394
-0.0111171305
0.07165088
0.069907114
0.0347647
0.045153767
0.07271533
-0.060473252
-0.023771811
-0.020476568
0.013861187
0.02451475
0.049054638
0.023841746
0.006638907
-0.057783917
0.027807727
-0.01039876
0.06821872
0.03332851
-0.018048361
-0.040493954
0.075336725
-0.062121846
0.029790178
-0.07323767
-0.011664294
-0.05344352
0.012331545
-0.04042617
0.02086924
-0.07829308
-0.0033480003
0.06797694
-0.053166933
-0.040094815
0.035589963
0.022032805
-0.016867787
0.009280816
-0.029768907
-0.059425674
0.06691483
0.07840212
-0.03065522
0.06448673
0.06962851
-0.07975943
-0.049452923
-0.05958458
-0.040480405
-0.061675064
-0.0021922365
0.031462215
-0.018252075
0.08035274
0.043349653
-0.0815467
0.01766029
-0.032967556
0.06769262
-0.014856316
-0.070713505
0.023694314
0.008398831
-0.010372169
-0.0032746196
0.06921345
0.0066406876
0.07602619
0.01953993
-0.058251176
0.012246773
0.0031202585
0.016102225
-0.022444692
-0.07734793
-0.07342537
-0.023627426
-0.056379374
0.0150802955
-0.041211557
-0.07042305
-0.07980232
0.009699136
-0.06640038
0.058496892
0.06863637
0.019456774
-0.0033411384
0.07723713
0.051931128
0.080205485
-0.0337691
0.06482001
-0.026862357
0.06898241
0.0488721
-0.035512827
-0.031316344
0.06092453
0.056465656
-0.069225825
-0.075885415
0.048168287
-0.02630378
-0.06665177
0.00422474
-0.030905478
-0.028768763
0.006874822
0.028645441
0.08164732
0.03579483
0.031987414
-0.027712397
-0.04045455
0.032606088
-0.08108741
0.025705278
0.057578757
-0.038615514
-0.046701916
-0.06420354
-0.073988296
-0.06774536
0.0029838085
0.0032392368
0.072576955
0.064425215
0.009476438
0.08021198
-0.06225716
-0.022178862
0.033210248
-0.08141347
0.016875006
0.021723047
-0.005173698
-0.08000957
-0.029389828
-0.051633254
0.032575175
0.05720371
-0.043066666
0.05514066
-0.070966914
-0.055219546
0.04172074
-0.07889063
-0.019021705
0.07401264
-0.04175135
0.047137722
0.010541588
-0.008206293
0.0047508553
-0.034860466
-0.017074347
-0.007047966
0.04745771
0.07604754
-0.026762582
0.019865446
0.034362137
-0.013479695
-0.047601555
0.034956172
0.03051772
0.05952552
0.039186984
-0.0019440427
-0.05749488
0.064196214
-0.026112791
0.0151050985
0.060802788
-0.017406382
-0.039705053
-0.020582702
0.058962673
-0.073815525
-0.06650392
-0.024495713
0.025826529
0.04462698
0.023769617
-0.0040587485
0.06380321
-0.06629994
-0.04382886
-0.03810089
-0.059744522
0.01964362
-0.06368771
-0.04247023
0.009933956
0.05125484
-0.05912607
-0.020927273
0.07202996
-0.043547116
-0.019587219
0.018469557
-0.042968825
-0.07089439
0.014446102
0.005008839
0.022923
-0.061592147
0.01820933
0.080512196
-0.08040228
-0.06808908
0.040738985
-0.0485462
0.021048978
0.06619179
0.028235584
-0.0155738965
0.013081782
-0.059691943
0.07459471
-0.04586576
0.05487582
0.019949391
-0.028665353
-0.04862865
-0.03043694
-0.07100449
-0.048194647
0.040959783
0.03273827
0.059192628
-0.024088856
0.03092298
0.07432771
0.054095164
-0.011700839
-0.034412224
-0.005686812
0.03955914
-0.07377355
0.0782433
0.06396285
0.01263804
0.008438505
0.018713735
0.07814287
-0.076782815
0.07038568
0.017953426
0.032566257
-0.006455168
0.005821295
0.0809408
0.00031919777
0.027463257
-0.05212592
0.037424468
-0.06135273
0.041385584
0.06258239
0.008033119
0.05285397
0.0083133355
-0.032798525
-0.07099837
0.05591567
0.024259165
0.020428017
0.07365379
0.059662387
0.03176851
-0.062492862
0.014313109
-0.046038456
-0.0772537
0.045476943
0.051758945
-0.038141344
0.05556263
-0.0051582754
-0.040338363
-0.007134326
-0.017335996
0.06783359
0.061486363
0.06826344
0.007354349
-0.07398645
-0.02064808
-0.033992656
-0.04415381
0.06876305
-0.052202705
-0.052979995
-0.046475127
0.064310625
-0.07844407
0.03786379
0.052626014
-0.0803175
0.04084523
0.013999358
0.033614263
0.014958285
0.03956662
-0.08060549
0.021811739
0.016523637
0.079862475
0.020349763
0.047837496
0.008025721
-0.07418743
-0.06830695
-0.008585684
-0.023243647
-0.0043992624
0.046728566
0.059228823
0.05532436
0.021801762
-0.032682747
0.044174686
-0.007196687
-0.031677723
-0.04056628
-0.07823458
0.07893811
0.030032791
-0.021693897
-0.037546623
-0.048565995
-0.03129303
-0.024448905
-0.07788508
-0.036669683
0.057476297
-0.07868086
-0.056219622
-0.030863661
-0.025643077
0.06156446
0.04829511
0.011720784
0.069960564
-0.005063355
0.006532237
0.06477335
0.028827354
-0.0777394
-0.01215028
0.013879776
-0.048521828
-0.004242167
-0.07172619
0.00080189854
-0.035866957
-0.0641504
0.044252902
0.00046774745
0.036186367
-0.076098055
-0.0108920485
-0.07297164
0.013273925
-0.0652671
0.06385866
-0.057576932
0.01919479
0.05198866
0.024563916
0.0016279072
0.021559
-0.032703616
0.061775237
0.030653603
