-0.117140055
0.18431844
-0.03239128
-0.18923818
0.0676509
-0.030006677
-0.040974766
-0.14260665
-0.1842598
0.1549262
-0.14013198
0.086394474
0.032285124
-0.19281922
-0.105560996
-0.012808442
-0.18862687
-0.19944887
-0.085635595
0.18064825
-0.0067956
-0.021587253
0.1897813
-0.085924745
-0.19748758
-0.17843485
0.11746703
-0.024555653
0.1310177
0.00575912
-0.100434594
-0.101912476
0.13865705
-0.19630599
0.0259732
0.054086372
0.106246606
-0.00016918778
-0.17774229
0.10692598
0.059577838
-0.19540317
-0.16242698
-0.016246349
-0.015418246
-0.029396057
-0.09508777
0.023656517
0.010186881
-0.02580066
-0.1597985
-0.039472103
-0.08015247
0.04231462
0.1570798
-0.00022527575
-0.043979377
0.03276655
-0.0014630556
0.19897972
-0.1682348
-0.18892328
0.18477614
0.17845325
0.074054256
-0.18314202
0.06901424
0.1832486
-0.19169155
0.060416475
0.1759818
-0.005749792
-0.11623754
-0.024172395
0.13121553
0.089056835
-0.16823366
0.06532143
-0.14919165
0.12988137
-0.18111669
0.12508838
-0.10105076
0.053324
-0.034367606
-0.1971334
0.11610271
0.011228442
-0.07661285
0.038221598
0.04450181
0.0019925535
-0.14526287
0.010609269
-0.0044729263
0.16045679
-0.1289316
0.17742424
-0.1692472
-0.112682536
-0.12522364
0.04262969
0.01748459
-0.011414096
0.098625645
-0.13071544
0.14925186
-0.07073209
0.1792052
-0.19149497
-0.14609306
0.042028993
0.19179834
-0.030651718
0.116711184
-0.11872285
0.11444853
-0.15351515
-0.16720498
0.027136832
-0.11964827
0.042826742
-0.020926118
0.14865746
0.055771038
0.06432201
0.0027679205
0.15476964
0.1664661
-0.08393712
0.03731358
-0.08488009
-0.04853423
-0.17810905
0.07158066
-0.19211893
-0.11737156
-0.059756726
0.10447852
0.15478288
0.19470386
0.17866574
-0.034672454
0.16397528
0.010857314
-0.001521498
-0.079405546
0.1510105
0.04432282
-0.06496319
