-0.027464382
0.094780006
-0.06780304
-0.05678657
-0.10010396
0.108396225
0.05835793
-0.026566766
-0.028523877
-0.097911745
-0.02513875
0.015308939
-0.04765109
0.051904462
0.055604212
-0.070507675
0.065795116
0.09507302
-0.015479825
-0.05496056
0.061594896
-0.066807136
-0.007617533
0.080485694
-0.028450556
0.024436064
-0.05096595
0.031786688
-0.049656764
-0.08781268
-0.07451633
0.09839966
-0.02657254
0.017038368
0.012403816
-0.029320188
-0.038345113
0.08403047
0.024404176
0.016039528
0.028557368
0.018175207
0.0076113716
0.0679893
-0.07324688
-0.05280021
-0.04461196
-0.08262285
-0.10108897
0.10557588
0.008081816
0.09499604
0.012227058
0.012997173
0.070968084
0.03647866
0.030270122
-0.016568735
0.022052653
0.025956832
-0.061886773
7.4610114e-05
-0.06292912
0.057633765
0.10687292
0.03753797
0.039370604
0.02528403
-0.021655865
-0.019307256
0.022775434
-0.057400946
0.03725653
-0.008274227
0.08908986
-0.10163369
-0.046547696
0.004711792
-0.013946697
0.03869515
0.058474265
-0.06686134
-0.0046674535
-0.08055836
-0.080880485
0.024626337
-0.048111256
-0.059528653
-0.05584613
-0.026980542
-0.025038198
-0.093822524
0.023628421
0.088844515
0.07826709
-0.08683589
0.074496396
-0.059242178
0.020845823
0.09920984
-0.008539379
-0.08196533
-0.015546992
0.0565447
-0.08581044
0.019733407
0.018967219
0.087245815
0.10784819
0.0035022795
-0.007994458
0.099684976
-0.084099814
-0.09308969
-0.061537694
-0.092036486
0.084387995
0.051449783
-0.09912705
-0.048367385
-0.047208898
-0.09493476
0.09691072
-0.083777204
0.06411252
0.061897196
0.081473745
-0.07677005
0.036526524
-0.058305543
0.0657159
-0.097627744
-0.007662654
-0.033371978
0.0058073923
0.08487735
-0.007681854
0.05725508
-0.01754798
0.10153151
-0.027543254
-0.058312465
0.04929637
-0.06623261
0.078882046
-0.011117995
0.03561931
-0.022249162
0.10172916
0.064687125
0.053839184
-0.066242255
-0.07219824
-0.07655895
-0.06775212
-0.034061946
-0.03739424
0.028076582
0.074822925
0.019435368
-0.032921292
-0.0624942
0.050510906
-0.08469117
0.08970947
-0.005859092
0.032533653
0.0867305
-0.019399993
0.09598867
0.09877034
-0.044886716
0.056064747
-0.012617484
0.008590251
-0.058842674
0.02491773
0.043815754
-0.071842216
-0.009195119
-0.090713024
0.015211612
-0.00215403
-0.037210256
0.07629577
-0.0072520226
0.06754508
0.04050406
0.08398958
-0.0022202581
0.107078515
0.02085384
-0.099744454
0.021687023
0.059288494
0.023752414
-0.0099227205
0.085185625
0.0011365339
0.073340155
0.035435356
0.0014246702
-0.063361764
0.08161134
-0.090784684
0.07136174
-0.01081986
-0.03156597
0.09159856
0.0764366
-0.10857931
-0.024030909
-0.013776176
-0.10383498
-0.10274273
0.008932762
0.0605079
0.003122151
-0.035421565
0.042839594
0.06500576
0.057050534
0.017928772
0.077277996
-0.011293918
0.08213232
0.074690945
0.06243237
0.09252445
-0.07587211
-0.010991983
-0.037387393
0.0024527162
-0.01862298
0.10142156
-0.022482134
0.03662195
0.089911945
0.042754672
-0.04595153
-0.0781566
0.05845707
0.10399123
0.013253763
0.03188952
-0.0024055168
0.10908111
-0.064738736
0.10444903
-0.103109404
0.038437568
0.016136386
0.016386233
-0.104782104
0.044698723
0.003166236
0.023660056
0.07730942
-0.0059838668
0.010015577
0.0010721758
0.01588042
-0.09965568
0.09572735
0.016479932
0.025568806
-0.068422034
-0.095090196
0.08019128
0.10300995
0.09313945
-0.02376604
-0.032148935
-0.0062589496
0.1087879
0.071828105
-0.07274209
-0.054413714
-0.009457424
-0.03370966
0.07383529
-0.10651822
-0.05716974
-0.09460189
-0.015061222
0.08236564
0.09765767
0.101187505
0.052520357
-0.06822239
0.00047879666
0.085282914
-0.009894989
0.07583522
0.046561606
0.04677441
-0.058525696
0.08860039
0.046022855
-0.089050844
0.10330046
-0.10604322
0.021204881
0.01045645
-0.0052976534
-0.0068070143
0.09176006
-0.044283353
0.09872707
0.068224706
0.07321767
0.058521666
-0.09595545
-0.09356422
-0.06411357
0.048487477
-0.047093943
-0.059661593
-0.012879245
-0.016015127
-0.06581144
-0.025241606
0.032319225
-0.084123954
0.06298157
0.053096004
-0.042575702
0.02810409
-0.02186767
-0.014701739
-0.033682033
0.07876413
-0.07152277
0.04369574
-0.07139225
-0.04968992
-0.08696673
-0.08386086
0.09485342
0.0269588
-0.059963897
0.033917554
-0.08033927
0.098371856
0.073367395
0.10468721
-0.04577353
0.07383061
-0.015870608
0.021832831
-0.08326825
0.025903784
-0.011598058
-0.048848704
-0.0074808747
0.08835416
0.011429727
0.020791404
-0.06340165
-0.098222956
0.063221134
0.10718622
-0.04369156
-0.008545972
-0.0605959
-0.09231836
0.10629047
-0.028787524
0.014808513
0.012819633
0.023576505
-0.032260455
0.019474573
0.09493118
-0.09754728
0.097820796
-0.055028986
-0.06666777
-0.024853162
0.07590271
-0.0044646114
0.017274655
0.07590868
-0.086044714
0.088251896
0.07453709
-0.048676156
-0.056529857
0.058166765
-0.05022668
0.097081505
-0.0033008158
-0.016020827
0.06972826
-0.096847855
-0.029037759
0.044049643
-0.014891967
0.019708134
0.07495875
0.048534192
0.043872096
0.01142218
-0.041382745
0.03815546
0.0026850551
0.08441848
-0.052013062
-0.04930394
0.030879177
-0.030989364
-0.051480435
0.04984612
0.018305741
-0.015686542
0.07187072
-0.0012214333
-0.0663577
0.0048122928
0.044503383
0.096391775
-0.007989794
-0.02259405
-0.052285217
0.03026808
-0.018629082
0.083714
-0.025151365
-0.029438645
-0.0688127
0.07275265
0.102097236
0.10196436
0.06335784
0.067532055
-0.036247157
-0.06431863
0.044973783
-0.053585675
0.09441901
0.08506771
-0.08863172
0.10475289
0.011124469
0.06635814
-0.08244501
0.094602324
-0.01394853
-0.10314356
0.022246681
-0.099023215
0.083339445
0.06584007
-0.087505616
0.10720753
-0.049150787
0.009824619
0.10209114
0.027888797
-0.0036382526
0.106178634
-0.037713684
-0.060849596
-0.06620003
-0.09843691
-0.089790255
0.052120768
-0.012295604
-0.047450837
-0.06281783
-0.0998441
-0.06322059
-0.03759262
-0.072653756
-0.010504149
-0.07928899
0.08328421
0.0588442
-0.00016211718
0.094128706
-0.017417565
-0.043882266
-0.10569664
-0.009351835
0.094299935
-0.012691282
0.06814786
0.051177196
-0.009209454
-0.01483921
-0.0078201145
0.0678161
-0.03847477
-0.09387869
-0.10552978
0.050430574
0.0034227893
0.06755804
0.06773842
0.05544295
0.06961616
0.030485101
0.07623049
0.024728142
0.08185472
-0.06966151
0.01866994
0.065344356
-0.013107151
0.0023569614
0.10355992
-0.05807215
0.087828316
0.045849405
-0.035995692
0.05826848
-0.021994352
0.07494157
0.0013724938
0.059611745
-0.024030127
-0.0138586685
0.10011838
0.0907061
-0.031154498
-0.100930154
-0.07632077
-0.03748229
-0.06980285
-0.0053605065
0.032301255
0.00096098334
-0.09332951
0.009838149
0.090687715
-0.014782034
0.025649197
0.04677183
0.06151528
0.022496589
0.101322584
0.05851265
0.05540835
0.031252988
-0.045441948
0.0023080185
-0.09643187
0.017469965
-0.039385498
0.108945124
0.07842962
-0.02717366
-0.07266058
0.051644914
-0.06024746
0.030511655
-0.03880944
-0.009413451
0.04680837
0.07163153
0.045708083
0.08252879
-0.024635218
0.038758747
-0.10810253
0.096607216
0.096501
0.060030513
-0.08249521
-0.10218574
0.09570179
-0.06931941
0.039980255
0.08864232
-0.025133483
0.029867925
-0.081696026
-0.0853578
-0.06310305
0.09417588
-0.013382226
-0.07016183
0.09656718
-0.064003795
-0.058615588
-0.08138655
-0.005763456
0.065242
-0.015724324
-0.003602922
0.10757864
0.004569277
-0.018640451
0.029913433
-0.026619174
0.06791704
0.027940162
0.08790136
-0.010710694
0.077871986
-0.09901008
0.031225152
0.013750903
-0.05253163
-0.033187136
-0.02820228
-0.07195228
0.08096502
0.014191523
-0.085632145
0.031776197
0.037607454
0.060498364
-0.081009835
0.0054039583
-0.0060347244
0.08846206
-0.0062710047
-0.08272058
-0.008368574
0.08626624
0.09946204
-0.093358934
-0.0068185776
-0.06304642
-0.08922865
-0.016421244
0.10038317
0.039729096
-0.03448239
-0.06651536
0.023012124
-0.025224566
0.07595434
-0.0028607398
-0.083373755
0.10354639
0.07940122
0.038613684
0.04797285
-0.03437338
-0.045284085
-0.018083535
-0.0011129677
-0.09284796
0.09074845
0.09694468
0.01463785
-0.090453506
0.10302722
0.012609042
0.078187995
-0.0515511
0.080028884
-0.0031458214
-0.108255975
-0.060274266
-0.020726494
0.02825477
0.047335647
0.06333765
0.023332931
-0.062920615
-0.021431737
0.019249998
-0.04853987
0.10394774
0.05504114
0.005786754
-0.10165066
-0.070364915
-0.03767425
0.015295424
-0.020136334
0.05235272
-0.0046932474
-0.060734864
-0.04630071
-0.0077498257
-0.012322471
-0.020240076
0.0055853054
0.032640733
-0.07719
0.011572003
0.039541773
-0.09165323
0.09634965
-0.107378766
0.03983008
0.0010133311
0.08849778
0.04738628
-0.062368516
-0.01959493
0.062336005
0.087429084
-0.09405924
0.042044766
-0.09265414
-0.023814932
-0.025780857
0.104271434
-0.093166485
0.07649315
0.05441398
-0.08079909
-0.020283818
0.010948837
-0.07549101
0.09438553
0.10902291
-0.0653276
-0.036851995
-0.088559724
0.08644224
-0.005427569
0.012407757
-0.07817721
-0.09688642
-0.0127195865
0.07182107
0.097494744
-0.08614439
0.06712679
0.1029601
-0.053335086
-0.10790326
-0.002890654
-3.7781894e-05
-0.0044568554
-0.048222333
-0.032307163
0.09043772
0.10586972
0.10254342
0.08382354
0.040145926
0.053110294
-0.013165288
0.086935796
-0.09452986
-0.012265556
-0.07943716
0.10462586
0.035262547
0.05104565
0.049733855
-0.08558445
0.009226501
-0.059023194
-0.008353345
-0.09741494
-0.041978575
0.04972831
-0.07110579
0.089568235
-0.0415823
0.10222944
0.0055066645
0.014226124
-0.09293912
-0.10590409
0.10568821
-0.10421169
0.052164383
-0.06331208
-0.017680235
0.05921855
-0.09199927
0.04512345
0.033524744
0.100133754
-0.032843538
0.10554696
-0.10396203
0.07399235
0.010410853
0.008777089
-0.06825693
-0.033514
0.099021696
-0.055366307
-0.09441206
0.028502367
-0.05226979
-0.094152585
0.04988367
-0.08091035
-0.05487522
0.10021933
-0.015610531
0.017999716
-0.053127863
0.047137268
-0.104092136
-0.104951985
-0.087567955
-0.08694697
-0.036825046
0.025029652
-0.07535946
-0.103599526
-0.038904145
0.10212768
0.07492285
-0.038062967
0.060613893
-0.06327182
0.03642308
0.008512847
0.036495782
0.057745464
-0.100397825
-0.08261455
-0.067659155
-0.0034816712
-0.08846086
0.021739088
-0.03535351
-0.09815285
0.01292859
0.01049532
0.053301357
0.046966396
-0.10708578
0.014023669
-0.01992426
0.052206434
-0.04376688
0.097979955
-0.10042742
-0.0519092
-0.10240446
0.045188658
0.082342155
0.09710165
-0.10437162
-0.096307606
-0.08753583
