-0.1646241396665573
-0.0784461498260498
0.1467583328485489
0.16413788497447968
0.08199162781238556
-0.091831736266613
-0.09328334778547287
-0.09894733875989914
0.11540533602237701
0.14873068034648895
-0.008237749338150024
-0.06401172280311584
-0.035745471715927124
-0.013173550367355347
0.005693942308425903
-0.17149697244167328
-0.02679605782032013
-0.13412129878997803
0.003400176763534546
0.16648821532726288
0.1337757557630539
0.14206530153751373
-0.11654005199670792
0.012723371386528015
0.14996834099292755
0.11099936068058014
-0.011291906237602234
-0.05625823140144348
0.15427546203136444
-0.07405030727386475
-0.18521539866924286
0.16840071976184845
-0.033208221197128296
-0.05904562771320343
-0.0804513692855835
-0.15910086035728455
0.19432689249515533
-0.04905374348163605
-0.07941832393407822
-0.03659668564796448
-0.11007361859083176
-0.0704147070646286
0.054326221346855164
-0.07918033748865128
0.0006654262542724609
0.021312564611434937
0.08327119052410126
0.09264405071735382
-0.06266279518604279
0.17906276881694794
-0.0926855131983757
0.11877085268497467
-0.09164664894342422
-0.12367897480726242
-0.08228659629821777
0.0312972366809845
0.044073015451431274
0.1776885837316513
0.00480477511882782
0.04999515414237976
0.16885872185230255
-0.05187125504016876
-0.0286501944065094
-0.18357987701892853
-0.060933917760849
0.13313083350658417
0.12711726129055023
0.09228484332561493
-0.08287008106708527
0.1192718893289566
0.11124818027019501
-0.02302972972393036
-0.05940064787864685
0.04560475051403046
0.024362608790397644
0.1918843537569046
0.0659560114145279
-0.10513865947723389
-0.18702247738838196
0.11610542237758636
-0.026906326413154602
-0.04973539710044861
-0.18891410529613495
0.1759360283613205
-0.1494971513748169
-0.06855428218841553
-0.17403338849544525
0.1476895958185196
-0.03948692977428436
-0.14595726132392883
0.0859704464673996
-0.03173765540122986
-0.033685848116874695
0.14366532862186432
0.16131331026554108
-0.07173725962638855
0.09074245393276215
-0.1309644728899002
-0.1259777843952179
0.1014220267534256
0.048395559191703796
-0.16433823108673096
0.14752556383609772
0.05752815306186676
0.19658564031124115
0.003609105944633484
0.10082505643367767
-0.19246435165405273
-0.03838959336280823
-0.17819376289844513
0.15222389996051788
-0.14752915501594543
-0.13556057214736938
-0.08248462527990341
-0.06453914940357208
0.09631781280040741
-0.09407281875610352
0.11994285881519318
-0.1617630422115326
-0.19908908009529114
-0.07677855342626572
-0.15865857899188995
0.020833492279052734
-0.1643858253955841
0.11865343153476715
0.09880302846431732
0.06631352007389069
-0.1724395602941513
0.06215091049671173
0.16784973442554474
0.10628552734851837
-0.13233335316181183
-0.015631869435310364
0.06637810170650482
0.11109717190265656
0.19690777361392975
0.1719883531332016
0.17322604358196259
-0.10491478443145752
-0.015395909547805786
0.09835942089557648
-0.041181713342666626
0.15408004820346832
-0.026941612362861633
-0.0014730244874954224
0.1321239322423935
0.049990177154541016
-0.1696004420518875
0.09002281725406647
0.10437680780887604
