-0.044719889760017395
0.07530948519706726
0.04804046452045441
0.061491355299949646
0.0031968504190444946
0.02562546730041504
-0.011215358972549438
-0.00785893201828003
0.07209588587284088
0.07670946419239044
-0.029962152242660522
-0.03787911310791969
-0.05584198236465454
0.03753645718097687
-0.03612225502729416
0.0029456987977027893
0.0047613829374313354
0.013912752270698547
0.08057554066181183
-0.011052660644054413
0.016982749104499817
0.04342055320739746
0.03203488886356354
0.03941117972135544
-0.011078767478466034
-0.03769834712147713
-0.07234397530555725
0.04052760452032089
0.0663512647151947
0.0009220242500305176
-0.009613081812858582
0.07861074805259705
-0.07584742456674576
-0.07712389528751373
-0.05762104690074921
0.042141564190387726
-0.04033900797367096
0.04263331741094589
-0.07489511370658875
-0.029297519475221634
-0.036812674254179
0.013323307037353516
-0.04702950268983841
0.07493934035301208
0.00676196813583374
-0.05554519593715668
0.03566053509712219
0.037757448852062225
0.03179984539747238
-0.06945057213306427
-0.00017939507961273193
-0.03695414960384369
0.029223039746284485
-0.07858177274465561
0.04522019624710083
-0.078618124127388
-0.05541203171014786
-0.055037423968315125
-0.016284726560115814
0.025419160723686218
0.003676086664199829
0.03473871946334839
0.025171786546707153
0.07359792292118073
0.052227988839149475
0.05346003174781799
0.06026843190193176
-0.006609931588172913
0.005288280546665192
0.015237264335155487
0.06753811240196228
-0.06647882610559464
-0.03309110924601555
-0.008486375212669373
0.0046798959374427795
-0.002089977264404297
-0.003036119043827057
0.06694303452968597
0.03846653550863266
0.03405987471342087
0.03997218608856201
0.05332791805267334
-0.04724837839603424
-0.02872997522354126
0.06769481301307678
0.015108250081539154
-0.027194656431674957
-0.06589682400226593
-0.006026692688465118
-0.03849055618047714
-0.01698250323534012
0.020556442439556122
0.032855331897735596
-0.03320479765534401
-0.0012818723917007446
-0.029327798634767532
-0.01827269047498703
0.06613035500049591
0.0008500739932060242
-0.018723972141742706
0.009048126637935638
0.008628182113170624
-0.05353169143199921
0.030603758990764618
0.03594502806663513
-0.05683956295251846
0.00976194441318512
0.07718303799629211
0.06773459911346436
0.01687227189540863
0.04257328808307648
-0.07774028927087784
0.06848844885826111
0.04273863136768341
-0.053530752658843994
0.07074208557605743
-0.0174655020236969
-8.746236562728882e-05
-0.018106944859027863
-0.02752295508980751
-0.005362652242183685
0.05202372372150421
0.0015105530619621277
-0.005400665104389191
-0.045565132051706314
-0.06742145866155624
-0.01387450098991394
-0.050920017063617706
0.02799643576145172
0.0382758304476738
-0.041563041508197784
-0.003674127161502838
0.06077565252780914
0.026673153042793274
-0.03271939232945442
0.004553362727165222
-0.05416647717356682
0.003079228103160858
-0.0042253658175468445
-0.049489472061395645
-0.0014570727944374084
0.042207665741443634
0.014025278389453888
-0.05867758393287659
0.048886701464653015
0.04342526197433472
0.06972084939479828
-0.021458182483911514
-0.017985142767429352
-0.04506803676486015
-0.0468013696372509
0.03226523846387863
0.01717901974916458
-0.004068329930305481
0.07718254625797272
-0.0249025858938694
0.05039165914058685
-0.05775606632232666
-0.030617494136095047
-0.007564038038253784
-0.08104832470417023
0.07672318816184998
0.03847745805978775
0.03474681079387665
0.024477891623973846
-0.06881649792194366
-0.07365590333938599
0.027537912130355835
0.06537041068077087
0.013227671384811401
0.0013095438480377197
-0.06191657856106758
-0.043535016477108
0.07634754478931427
0.07822877168655396
0.03288395702838898
-0.07961577922105789
-0.04804534837603569
0.04840213060379028
0.030650019645690918
0.05884280800819397
-0.009090162813663483
-0.0776791125535965
-0.06461315602064133
-0.041976798325777054
0.03175953030586243
-0.04738251119852066
-0.006407350301742554
-0.06611912697553635
0.009366549551486969
0.05160461366176605
-0.04919891059398651
-0.05713342875242233
-0.04206012561917305
-0.042555924504995346
0.046137258410453796
-0.0630662739276886
-0.06909538805484772
-0.057772040367126465
-0.02533608302474022
0.030118465423583984
0.04346354305744171
0.031902678310871124
0.04202558100223541
-0.018660783767700195
0.008791759610176086
0.06846083700656891
-0.04710123687982559
-0.01404397189617157
0.07012473046779633
0.08097165822982788
0.03240948170423508
-0.015985965728759766
-0.021293997764587402
-0.07928870618343353
-0.03718665987253189
0.05312362313270569
0.03109557181596756
-0.014771327376365662
0.017738498747348785
0.07811112701892853
-0.0008596330881118774
0.03278818726539612
0.06560377776622772
0.07040292024612427
0.009103231132030487
0.06472784280776978
0.05520559847354889
-0.045225951820611954
0.029158979654312134
-0.04862910881638527
0.07969801127910614
-0.052267178893089294
0.02988898754119873
0.05450792610645294
-0.03446317836642265
-0.07392363995313644
-0.05288039147853851
-0.03325602412223816
0.027718767523765564
0.012499816715717316
-0.007300280034542084
-0.05630666762590408
0.020081020891666412
0.05761992931365967
-0.05050108581781387
-0.04926430061459541
0.03937765955924988
0.052193015813827515
0.057964667677879333
0.056612297892570496
-0.06227858364582062
-0.00498054176568985
-0.002539709210395813
0.012593507766723633
-0.07060397416353226
0.025487594306468964
0.04678000509738922
-0.050857625901699066
0.0602242648601532
-0.07053761184215546
0.026631228625774384
-0.023075006902217865
-0.004118330776691437
-0.06883563101291656
-0.03831451013684273
0.00034731626510620117
0.025242909789085388
-0.062275439500808716
0.006447099149227142
-0.02895154431462288
-0.05970166623592377
-0.07022877037525177
0.05310067534446716
0.008632495999336243
-0.03176729008555412
-0.007268860936164856
-0.0003730505704879761
0.013770870864391327
0.049155011773109436
0.005540169775485992
0.07977603375911713
-0.002439431846141815
-0.0052612051367759705
0.06570295989513397
-0.00452025979757309
0.019700735807418823
0.07374845445156097
0.025823287665843964
0.018416307866573334
-0.06782857328653336
-0.021368440240621567
0.06639796495437622
-0.05712316930294037
0.043527752161026
-0.05447822064161301
-0.037543896585702896
-0.07552612572908401
0.02218852937221527
-0.039029866456985474
-0.0265805684030056
-0.04807315766811371
0.04354394972324371
0.016581371426582336
-0.022019848227500916
0.020017459988594055
-0.06557826697826385
0.04996389150619507
-0.06187622249126434
-0.003477849066257477
0.03166050463914871
0.037779301404953
0.020869635045528412
-0.0044794753193855286
-0.03505883365869522
-0.05094437301158905
0.02881459891796112
-0.07830990105867386
0.046795159578323364
0.026606537401676178
-0.008856140077114105
-0.022820398211479187
-0.0014695078134536743
-0.08023830503225327
-0.01406211405992508
-0.00031298398971557617
-0.02712075039744377
0.07524263858795166
0.004849366843700409
-0.022984232753515244
0.01849672943353653
-0.05240054428577423
0.01826813817024231
0.0008613988757133484
-0.008841477334499359
-0.019503667950630188
-0.06051957234740257
0.027032293379306793
-0.06825751066207886
0.07860995829105377
-0.022768881171941757
-0.056974805891513824
-0.0719384178519249
-0.0151529461145401
-0.07327117025852203
0.06872178614139557
0.03448732942342758
0.018128618597984314
-0.033612869679927826
0.04850512742996216
-0.0012734681367874146
0.007503323256969452
0.028101041913032532
0.007299959659576416
-0.06995464861392975
-0.0030957162380218506
0.07727548480033875
-0.06491227447986603
0.0669950395822525
0.05176728963851929
-0.06717904657125473
-0.0802747905254364
-0.035691581666469574
0.007699646055698395
0.05018611252307892
-0.006826840341091156
-0.0026802048087120056
-0.037881042808294296
-0.04332836717367172
0.006811760365962982
0.042049430310726166
-0.05210823565721512
-0.0491332970559597
-0.046956297010183334
-0.04894755408167839
0.0380653440952301
-0.031853120774030685
-0.018170833587646484
-0.05773773044347763
-0.05561789125204086
0.016638368368148804
0.014417976140975952
0.017926469445228577
0.02940104901790619
0.04144350439310074
-0.03783224895596504
-0.019343767315149307
-0.047067102044820786
0.018579214811325073
0.012437991797924042
0.0472196489572525
-0.06894908845424652
0.03043612837791443
0.013195648789405823
-0.08027251809835434
-0.006504662334918976
-0.021373238414525986
-0.04305082932114601
-0.0025883764028549194
-0.02509056031703949
0.013298705220222473
0.001917921006679535
-0.006210260093212128
-0.009857244789600372
-0.06106121838092804
0.01803455501794815
-0.05454639345407486
0.02428089827299118
0.021316111087799072
0.044079363346099854
-0.010162599384784698
0.07561114430427551
-0.05562310665845871
0.07338276505470276
-0.011744678020477295
0.015959277749061584
-0.007639653980731964
-0.035972535610198975
-0.0154246985912323
0.060996174812316895
-0.08100393414497375
0.030671201646327972
-0.054665692150592804
0.07512982189655304
-0.03603755682706833
0.015317417681217194
-0.062107790261507034
-0.025724846869707108
-0.04399016126990318
-0.051962628960609436
-0.060902126133441925
-0.01416199654340744
0.07285289466381073
-0.010759785771369934
0.01990807056427002
-0.08105964958667755
0.06475706398487091
-0.024045132100582123
-0.07145329564809799
0.04990111291408539
0.07624509930610657
0.03236570954322815
-0.03672139719128609
0.01863555610179901
0.03512316197156906
-0.01790185272693634
-0.04726427048444748
0.03590869903564453
-0.0341145284473896
0.0719488263130188
0.05218547582626343
0.004795148968696594
-0.06423129141330719
0.03231678903102875
0.02115975320339203
-0.08077800273895264
-0.030365876853466034
0.02590581774711609
-0.051007114350795746
-0.038971785455942154
-0.0346648246049881
-0.02480832114815712
-0.054336316883563995
0.019366472959518433
-0.02317707985639572
-0.05830841511487961
0.07575614750385284
-0.07735373079776764
0.0653478354215622
-0.008512511849403381
-0.04022761806845665
0.029134124517440796
-0.06385554373264313
-0.06729207932949066
-0.059472329914569855
-0.00402379035949707
0.037010692059993744
-0.07775726914405823
-0.05067175626754761
-0.03619103133678436
-0.056426893919706345
-0.07305039465427399
0.03865288197994232
-0.01568792015314102
-0.06226981431245804
-0.059823550283908844
-0.0712990015745163
0.07541730999946594
-0.002568759024143219
-0.011799857020378113
-0.06709641963243484
0.04806256294250488
-0.002228766679763794
-0.012410260736942291
-0.07789556682109833
-0.012277640402317047
0.0642273873090744
-0.06877830624580383
0.077445387840271
0.03956490010023117
0.080604687333107
0.013554446399211884
0.021552175283432007
-0.038417790085077286
-0.0032965093851089478
0.03322909027338028
-0.045262113213539124
-0.033689823001623154
-0.03305459022521973
-0.01337779313325882
-0.06699790060520172
-0.06696970015764236
-0.0615035817027092
-0.06800632178783417
0.009732753038406372
0.046237558126449585
-0.02879449725151062
0.06382034718990326
0.014207698404788971
0.06921720504760742
0.04821242392063141
0.04047996550798416
0.06861381232738495
-0.006998978555202484
-0.03661566972732544
-0.010518230497837067
0.018815897405147552
0.05554315447807312
0.02398456633090973
-0.08164503425359726
0.036465562880039215
0.057167038321495056
0.07119941711425781
-0.07223827391862869
0.03503449261188507
-0.058934107422828674
0.021873347461223602
-0.06647154688835144
0.07876549661159515
-0.05013936012983322
-0.011049352586269379
0.0337282195687294
0.0009194165468215942
-0.010900013148784637
0.04915650188922882
0.04340948164463043
-0.03747723251581192
0.0040482282638549805
0.052218228578567505
0.019480489194393158
-0.061149343848228455
-0.01883203536272049
0.01586555689573288
-0.01236974447965622
0.06123557686805725
-0.03101881965994835
0.02178879827260971
-0.08127137273550034
-0.061203405261039734
-0.016176216304302216
-0.07835237681865692
0.06902572512626648
-0.023006882518529892
0.05256514251232147
-0.014424972236156464
0.02025824785232544
0.06557026505470276
-0.0663910061120987
-0.04782412573695183
0.05675244331359863
0.003842569887638092
0.022665992379188538
-0.06856776773929596
-0.022534899413585663
-0.048572439700365067
-0.008185707032680511
0.06896272301673889
-0.04976343736052513
-0.03412405773997307
-0.08087045699357986
-0.04737073555588722
0.01209644228219986
-0.06726949661970139
0.06884996592998505
-0.0398067943751812
-0.03304221108555794
-0.06025395914912224
0.030396483838558197
0.06305453181266785
-0.060910798609256744
0.06888341903686523
-0.05011460930109024
0.062095656991004944
-0.026057232171297073
0.03505370765924454
-0.021466124802827835
-0.06878621876239777
-0.07718943059444427
0.06990556418895721
-0.06273840367794037
-0.015164509415626526
0.04987955093383789
0.01510079950094223
0.013608328998088837
-0.04826562479138374
-0.06887514144182205
-0.03489653021097183
0.024102747440338135
-0.02700745314359665
-0.028442643582820892
-0.005579464137554169
-0.02373771369457245
-0.00034134089946746826
0.062871053814888
-0.055387113243341446
-0.05309151113033295
-0.052936382591724396
0.006884247064590454
-0.004605457186698914
-0.004303574562072754
-0.06771273910999298
0.0026043131947517395
0.05295790731906891
-0.03555154800415039
-0.010701753199100494
-0.043043430894613266
0.050564467906951904
-0.030665237456560135
-0.05786161497235298
0.031229659914970398
0.05792635679244995
-0.04428191855549812
-0.07487593591213226
-0.06458421051502228
0.004043757915496826
-0.03895048052072525
-0.001408688724040985
0.015198580920696259
0.08016422390937805
-0.03344372287392616
-0.0028366222977638245
-0.062124863266944885
0.05825650691986084
-0.06977073848247528
-0.015032738447189331
-0.03031570091843605
0.02022237330675125
-0.048190638422966
-0.049066174775362015
0.04168982058763504
-0.06907829642295837
-0.00874657928943634
0.0657881498336792
-0.06732770800590515
0.049123480916023254
0.06601105630397797
-0.05356476828455925
0.038622647523880005
0.036115169525146484
0.04615125060081482
0.06491787731647491
-0.02762073650956154
-0.06666342914104462
-0.013009004294872284
0.015914931893348694
0.06478491425514221
0.03864444047212601
-0.045707881450653076
-0.019358783960342407
0.01700640469789505
-0.05418612062931061
0.015044726431369781
0.0022084861993789673
0.06967628002166748
-0.007635332643985748
-0.07417228072881699
0.07071097195148468
-0.06453297287225723
-0.04722125828266144
-0.010899335145950317
0.07995651662349701
0.07540611922740936
-0.015107519924640656
-0.02671732008457184
0.014018945395946503
0.07311533391475677
-0.061579637229442596
0.024632029235363007
0.0075147151947021484
-0.044984057545661926
0.06810089945793152
-0.0063324496150016785
-0.08091310411691666
-0.019087955355644226
-0.047632213681936264
-0.0048851072788238525
0.009101055562496185
-0.04390254244208336
-0.07904999703168869
0.05307877063751221
-0.017643354833126068
0.06926766037940979
0.07339568436145782
0.005056247115135193
-0.06965866684913635
-0.03901946172118187
0.006285466253757477
-0.07885807752609253
0.018225371837615967
0.05203941464424133
-0.02229434996843338
-0.031172316521406174
0.04007375240325928
-0.022615987807512283
0.012042120099067688
0.010312475264072418
-0.015009574592113495
-0.07028492540121078
-0.06167622283101082
-0.005734831094741821
-0.055735014379024506
0.04142004996538162
-0.03882163017988205
-0.019691023975610733
0.056905075907707214
0.02957051992416382
-0.05373731255531311
-0.05385725945234299
0.07692621648311615
-0.04374447092413902
-0.005762375891208649
0.05932749807834625
0.019131235778331757
0.011552654206752777
-0.02751253917813301
-0.0784236416220665
-0.005352728068828583
-0.060065001249313354
-0.005476757884025574
0.07257750630378723
0.03358065336942673
-0.0035881847143173218
0.001277536153793335
0.010931342840194702
0.035273171961307526
-0.032723624259233475
0.04550032317638397
-0.0033262893557548523
-0.06579330563545227
-0.02349713444709778
0.03616992384195328
0.020221523940563202
-0.0789208859205246
0.048502326011657715
0.025640390813350677
0.030066832900047302
0.04997016489505768
-0.017315112054347992
0.005354329943656921
0.005763985216617584
-0.029082994908094406
-0.04427849501371384
-0.012626871466636658
0.0019379407167434692
-0.08133891224861145
-0.0503833182156086
0.027725622057914734
-0.010513171553611755
-0.0766439139842987
0.03911440819501877
0.05597791075706482
0.07702688872814178
0.02411540597677231
-0.002065621316432953
0.04677489399909973
-0.006794862449169159
0.0811520516872406
0.03828699141740799
-0.07757048308849335
-0.022016964852809906
0.06327851116657257
-0.02930844947695732
0.028714582324028015
-0.07835616171360016
-0.009206674993038177
-0.041586488485336304
0.07898777723312378
0.020342901349067688
0.0004937201738357544
-0.017149053514003754
0.00024096667766571045
0.024600893259048462
0.002688199281692505
0.0044318512082099915
-0.04680837690830231
0.0008968263864517212
0.01630963385105133
-0.050083842128515244
0.012209586799144745
0.04219777137041092
-0.07892969995737076
0.03096272051334381
-0.022871926426887512
-0.06235063076019287
0.026080943644046783
0.0013244524598121643
0.023829303681850433
-0.020212501287460327
0.05417008697986603
-0.04051445052027702
0.015355318784713745
-0.04884263873100281
0.029034100472927094
0.07316720485687256
0.05421425402164459
-0.07064367830753326
-0.05713377147912979
0.014757104218006134
0.048062264919281006
0.05720050632953644
0.005663193762302399
-0.06811772286891937
-0.030240509659051895
-0.01874137669801712
0.018194474279880524
-0.001246526837348938
-0.03930065035820007
-0.0314759686589241
-0.03659479320049286
0.0011088550090789795
-0.0680660754442215
-0.003299988806247711
0.011497370898723602
-0.06093953922390938
-0.060756564140319824
0.04146575182676315
0.06446461379528046
-0.07435128837823868
0.029709257185459137
-0.01581341028213501
-0.08067154884338379
-0.03773001953959465
0.0028903409838676453
-0.011381581425666809
-0.04931686073541641
0.04695439338684082
0.078388512134552
-0.06931585818529129
0.023629188537597656
-0.08101572841405869
0.05752359330654144
-0.05022677779197693
-0.027127575129270554
-0.005704917013645172
0.024772189557552338
0.050999537110328674
-0.005894139409065247
-0.06137227639555931
0.030983656644821167
0.047349125146865845
-0.05435986816883087
-0.027456212788820267
-0.012385375797748566
-0.021067053079605103
0.013278551399707794
0.026635296642780304
0.07833483815193176
0.05839554965496063
-0.012305408716201782
0.06219141185283661
-0.01501435786485672
-0.060707464814186096
0.015609979629516602
0.0779503732919693
-0.06456024944782257
0.06880691647529602
0.0241481214761734
-0.008958511054515839
-0.04529586806893349
0.04377251863479614
0.024508289992809296
-0.035419680178165436
-0.010981261730194092
0.019039273262023926
-0.029114607721567154
0.06526175141334534
-0.02971252053976059
-0.018173180520534515
-0.036678656935691833
-0.06172387674450874
0.02647463232278824
-0.039040543138980865
-0.008422739803791046
0.07098597288131714
0.02010583132505417
-0.060237132012844086
-0.02069997787475586
-0.021242313086986542
0.034840747714042664
0.03780163824558258
-0.059663139283657074
-0.035160236060619354
0.04115985333919525
0.0644528865814209
-0.0810369998216629
-0.08062547445297241
-0.037793949246406555
0.056907251477241516
0.032226599752902985
0.023088373243808746
0.03850558400154114
-0.07104054093360901
-0.05074473097920418
0.03178538382053375
-0.04656520113348961
0.0024944767355918884
0.0017642006278038025
-0.017625704407691956
0.025933988392353058
0.033013202250003815
0.050766319036483765
-0.04021577164530754
0.047372445464134216
0.04842062294483185
-0.009158089756965637
-0.05551079660654068
0.032690949738025665
-0.014528527855873108
-0.04637560248374939
-0.05646328628063202
-0.027368340641260147
-0.02729443460702896
-0.04554954916238785
0.015145264565944672
-0.07980012893676758
-0.06022578105330467
-0.027756430208683014
-0.06650757789611816
-0.021422389894723892
-0.04464087635278702
0.04679451882839203
-0.0013134405016899109
-0.0312163308262825
-0.021761298179626465
0.031902723014354706
-0.039911556988954544
-0.012571707367897034
0.06264559924602509
0.028430387377738953
-0.02133430540561676
-0.043288614600896835
-0.003248542547225952
0.023004300892353058
0.006907552480697632
0.0018023326992988586
0.004140064120292664
0.02043391764163971
-0.058050841093063354
-0.03788578137755394
0.02304709702730179
-0.07746453583240509
-0.03821675851941109
-0.04357990622520447
-0.007041722536087036
0.04721720516681671
-0.05631339177489281
0.011210165917873383
0.03610584884881973
0.035721197724342346
0.012896157801151276
0.028605394065380096
0.029643893241882324
0.03498125076293945
-0.058871231973171234
-0.019331227988004684
0.059315770864486694
0.013948716223239899
-0.020492512732744217
-0.026986293494701385
0.006638810038566589
-0.011884264647960663
0.056086793541908264
-0.059235718101263046
0.043171465396881104
0.05686579644680023
-0.007500700652599335
-0.007895469665527344
-0.03149593248963356
0.038848988711833954
0.08051694929599762
-0.0032798796892166138
0.07760901749134064
-0.037116073071956635
-0.07996445149183273
-0.013288237154483795
0.003235369920730591
0.07620082795619965
-0.06528881192207336
0.05579213798046112
-0.015655644237995148
0.0057243406772613525
-0.001453690230846405
-0.025570988655090332
0.018195368349552155
-0.004034310579299927
0.03164286911487579
-0.027205325663089752
-0.0017465725541114807
0.004331335425376892
0.018126897513866425
-0.023464545607566833
0.034586772322654724
-0.043336641043424606
0.002832546830177307
-0.06008893996477127
0.08132432401180267
-0.07348337769508362
-0.040635284036397934
-0.0778469666838646
-0.04401698708534241
-0.061618104577064514
-0.01890040934085846
-0.03886454179883003
0.07461032271385193
-0.0036418214440345764
0.03684139996767044
0.04691244661808014
0.019972681999206543
-0.04135624319314957
0.03294215351343155
-0.00921410322189331
-0.03997402265667915
0.028015561401844025
0.0343460738658905
-0.05100147798657417
-0.0037484169006347656
-0.033594705164432526
-0.07340580224990845
0.026122212409973145
0.034754253923892975
0.06706555187702179
0.07816331088542938
0.019451312720775604
0.034299612045288086
0.01508709043264389
-0.037083692848682404
0.07999534904956818
-0.05773131549358368
0.0014901086688041687
-0.05390220507979393
0.014498867094516754
-0.014415249228477478
0.037697307765483856
0.027404822409152985
-0.0036925822496414185
-0.06530840694904327
0.013474762439727783
-0.05463796108961105
0.05657656490802765
-0.07905180007219315
-0.05343278497457504
0.06010553240776062
0.045610055327415466
-0.06585545092821121
0.005384989082813263
0.05262604355812073
-0.06386029720306396
-0.027611974626779556
-0.01392289251089096
0.07213543355464935
-0.026337184011936188
-0.04998426139354706
-0.04642019048333168
0.05489027500152588
0.060907453298568726
-0.05381263792514801
0.054912269115448
-0.04690704494714737
-0.041012510657310486
-0.05314652621746063
-0.04160843789577484
-0.039838749915361404
-0.03811990097165108
-0.057379987090826035
-0.02529938891530037
-0.0559455081820488
0.051904305815696716
0.06377044320106506
-0.027701806277036667
-0.035087887197732925
-0.029462646692991257
-0.04646669700741768
0.03342052549123764
-0.03719249367713928
-0.003644689917564392
0.07471998035907745
0.06782053411006927
0.005411498248577118
0.07072329521179199
0.06893026828765869
0.05848179757595062
0.03725314885377884
-0.000982716679573059
-0.00408615916967392
-0.07953936606645584
0.03454868495464325
-0.06769418716430664
-0.05491316318511963
-0.08129947632551193
0.07780690491199493
-0.08110658824443817
-0.04907490685582161
0.04218774288892746
0.020920053124427795
0.0031183362007141113
-0.011833414435386658
-0.04618052393198013
0.007676273584365845
-0.03850425034761429
-0.07674649357795715
0.03357338160276413
-0.04594703018665314
0.033879488706588745
-0.0053666383028030396
0.05177292227745056
-0.05332198739051819
-0.04146691411733627
-0.024065174162387848
0.009614832699298859
-0.019069671630859375
-0.04473936930298805
-0.047618623822927475
0.013947844505310059
-0.014056026935577393
-0.014745891094207764
0.05681911110877991
-0.05250653624534607
0.07458779215812683
0.05136270821094513
0.020116902887821198
0.0445377379655838
-0.021644331514835358
0.011809095740318298
0.06285163760185242
-0.022383183240890503
0.07783833146095276
-0.08106916397809982
-0.006529681384563446
-0.030526701360940933
-0.051729682832956314
-0.0007635056972503662
-0.002487398684024811
0.05689772963523865
0.016894951462745667
-0.04979553073644638
0.02385740727186203
-0.005998983979225159
0.07961614429950714
-0.07525107264518738
0.022082649171352386
-0.06041456758975983
-0.04072285443544388
-0.0178481787443161
-0.057811617851257324
0.07756462693214417
-0.07920879125595093
0.005205586552619934
0.07576917111873627
-0.0652875155210495
-0.0035670921206474304
-0.030673306435346603
0.012847036123275757
0.02694285660982132
-0.04415271803736687
-0.04720563814043999
0.037764787673950195
-0.05435369163751602
-0.06371956318616867
-0.04094650596380234
0.06187337636947632
0.03359825164079666
0.00863608717918396
0.048266127705574036
-0.045399654656648636
0.03462444245815277
-0.03249233216047287
-0.014624372124671936
0.06015823781490326
-0.03533162176609039
0.012079037725925446
-0.01077481359243393
-0.04693933203816414
-0.0030227676033973694
0.035430461168289185
0.02468769997358322
0.0027114003896713257
0.019551999866962433
0.07132834196090698
-0.07101362943649292
0.025207117199897766
0.02654767781496048
0.06916096806526184
0.028647489845752716
-0.0456768237054348
0.036753274500370026
-0.0017474889755249023
-0.06810680776834488
0.0662158727645874
-0.01123589277267456
0.04294087737798691
-0.05989478528499603
0.045771196484565735
-0.049892425537109375
0.07047398388385773
0.0710453987121582
0.05078783631324768
0.06045176088809967
0.006835281848907471
-0.03775983303785324
-0.07571829110383987
-0.07905364036560059
-0.049354176968336105
0.0638127326965332
0.004840746521949768
0.0017393678426742554
0.06869110465049744
0.042445600032806396
0.006028980016708374
-0.060820333659648895
-0.05858417600393295
-0.030115727335214615
-0.01639632135629654
-0.028285197913646698
-0.0698956847190857
0.08077053725719452
0.029416672885417938
-0.01993565261363983
0.01836147904396057
-0.008416011929512024
0.030408933758735657
-0.056616101413965225
-0.008275195956230164
-0.00912342220544815
-0.03652609512209892
-0.06700650602579117
0.06780575215816498
-0.00267966091632843
0.07948373258113861
0.04950207471847534
-0.04034346714615822
0.0426882803440094
0.07443082332611084
0.050235673785209656
-0.05715774744749069
-0.048754747956991196
0.02897629886865616
-0.020336348563432693
0.01675083488225937
-0.008805736899375916
-0.019127637147903442
-0.01331087201833725
-0.046783413738012314
0.02045634388923645
-0.04442799836397171
0.03456634283065796
-0.015067137777805328
0.02733840048313141
0.07894320785999298
-0.05722138285636902
-0.007292754948139191
-0.05101019889116287
0.021530792117118835
-0.044401153922080994
-0.07027304917573929
0.016084253787994385
0.008896887302398682
0.0031255409121513367
0.06613685190677643
0.017110876739025116
0.014266550540924072
-0.03381011635065079
-0.06902892142534256
0.04526299238204956
0.0638422966003418
0.02611921727657318
-0.04782139137387276
0.015348553657531738
-0.050720687955617905
0.002665705978870392
0.05094073712825775
-0.03800094872713089
0.03732467442750931
0.03311595320701599
0.038302622735500336
-0.0563470795750618
0.07638327777385712
-0.043605320155620575
0.04848818480968475
0.006609626114368439
0.07262316346168518
-0.04352041706442833
-0.038567014038562775
-0.03557632118463516
0.0699426680803299
0.05336558818817139
0.04925605654716492
0.0072667524218559265
-0.0063188523054122925
-0.04333954304456711
-0.03941560909152031
-0.08054488152265549
-0.06808678805828094
0.05192466080188751
0.04674595594406128
0.008739881217479706
0.06985367834568024
-0.046128928661346436
0.07803884148597717
0.04278867691755295
-0.019934535026550293
0.04495914280414581
0.031286343932151794
0.0797528326511383
-0.07240721583366394
-0.0416237972676754
-0.014172226190567017
0.06529730558395386
-0.05051720142364502
0.0644550621509552
-0.07836185395717621
-0.008049897849559784
-0.05342850834131241
-0.07318253070116043
0.04899097979068756
0.02556736022233963
-0.00032079219818115234
-0.02649114653468132
-0.038586702197790146
0.0006790608167648315
0.04108226299285889
0.05946652591228485
0.08107936382293701
0.07813014090061188
-0.057791486382484436
-0.006603270769119263
0.003408089280128479
-0.024673685431480408
-0.07042160630226135
0.057674020528793335
-0.013420134782791138
-0.07066693156957626
-0.0554969348013401
-0.04356740042567253
0.07319976389408112
0.026914402842521667
0.004892081022262573
-0.06456923484802246
0.010216012597084045
0.04280046373605728
0.060695379972457886
0.0067494213581085205
0.02282019704580307
-0.0113840252161026
0.058812499046325684
-0.05645798146724701
-0.06434124708175659
0.06060783565044403
0.03546857833862305
0.07055121660232544
0.032386355102062225
-0.07511205971240997
0.06515228748321533
0.06891041994094849
0.0762007087469101
-0.010369837284088135
0.05119101703166962
-0.0349433459341526
-0.035985201597213745
0.023903846740722656
0.023888513445854187
-0.013531751930713654
0.05379033088684082
-0.034201283007860184
0.07478879392147064
-0.03714960813522339
-0.06836730241775513
-0.06362638622522354
0.06738884747028351
-0.07631504535675049
-0.009949691593647003
-0.07000100612640381
-0.059305936098098755
-0.08154428750276566
-0.008647523820400238
-0.00806126743555069
0.02364998310804367
-0.069881372153759
-0.02389698103070259
-0.01857038587331772
-0.06879118084907532
0.024060651659965515
0.051355063915252686
-0.041986510157585144
-0.011651851236820221
0.046672508120536804
-0.07415459305047989
0.0035634860396385193
0.07220408320426941
0.058268770575523376
-0.03906730189919472
0.0815705955028534
0.050701484084129333
-0.06238425895571709
-0.057147711515426636
-0.06855987757444382
0.08023427426815033
0.04376313090324402
-0.02004840597510338
0.021322086453437805
0.06229759752750397
0.06361055374145508
0.04480709135532379
-0.06906994432210922
-0.023271307349205017
0.03401900827884674
0.05995680391788483
0.07619322836399078
0.07659925520420074
-0.05423184484243393
0.04493086040019989
-0.0035438314080238342
-0.052594609558582306
0.06174398958683014
-0.020009297877550125
-0.06302736699581146
0.050292402505874634
-0.04402092844247818
0.056546345353126526
-0.029115766286849976
-0.037826281040906906
-0.01723375916481018
0.02554859220981598
0.029850423336029053
0.0192507803440094
0.07189390063285828
-0.07587908208370209
-0.07024067640304565
-0.02986566722393036
-0.035792477428913116
0.04938057065010071
0.05091075599193573
-0.01873684674501419
0.048839181661605835
-0.005232326686382294
-0.07972003519535065
0.04190606623888016
-0.03574300557374954
-0.03745272383093834
-0.0787682831287384
0.027678124606609344
-0.028459034860134125
0.04123920202255249
0.029103219509124756
-0.07636145502328873
-0.0369156152009964
0.07793496549129486
0.019667044281959534
-0.0632576197385788
-0.06475772708654404
-0.0050351619720458984
0.037218958139419556
0.06654933094978333
-0.05599150061607361
-0.06427637487649918
-0.028006840497255325
0.024040639400482178
0.027098149061203003
0.06175290048122406
0.021282434463500977
0.04045436531305313
-0.0737612172961235
0.01403018832206726
-0.05038765072822571
-0.03839658200740814
0.07936663925647736
0.0674474686384201
-0.027611225843429565
0.04218002408742905
-0.07567501813173294
-0.03780116140842438
-0.018120981752872467
-0.048172757029533386
0.04569512605667114
-0.04563236981630325
0.05705420672893524
-0.011017046868801117
0.006027594208717346
0.027323611080646515
-0.04678083211183548
-0.08094992488622665
-0.008663840591907501
0.009138703346252441
0.03579346835613251
-0.043706752359867096
0.02268381416797638
0.04909619688987732
0.03400304168462753
0.06289364397525787
0.019554443657398224
-0.03950423374772072
0.06757192313671112
-0.021018844097852707
0.07747253775596619
-0.012161634862422943
-0.0460406169295311
0.02036803960800171
0.013585895299911499
-0.04217071458697319
0.0412367582321167
-0.03405119478702545
-0.016705520451068878
-0.03824785351753235
0.04417964816093445
0.08096808195114136
-0.03497765585780144
-0.01608787477016449
-0.06225396692752838
-0.06734982132911682
0.08080491423606873
0.02355901151895523
0.06574490666389465
0.05464150011539459
0.0023888126015663147
0.07277847826480865
0.029805563390254974
0.0651715099811554
0.016443505883216858
-0.08090239018201828
0.06691841781139374
0.03363270312547684
-0.013492599129676819
0.013855181634426117
-0.07476065307855606
-0.02455125004053116
0.006751842796802521
-0.06306415796279907
0.062008440494537354
0.0318126454949379
-0.05663953721523285
0.016162291169166565
-0.018743544816970825
-0.01751846820116043
-0.011791124939918518
-0.04975575953722
-0.08020512014627457
0.0793854296207428
-0.04743590205907822
0.027053453028202057
0.016823045909404755
-0.005028165876865387
-0.043634578585624695
-0.02618139237165451
-0.004830501973628998
0.07718859612941742
-0.030506368726491928
-0.02741607278585434
0.0028392598032951355
0.05094926059246063
0.052786797285079956
0.045674920082092285
-0.0003658384084701538
0.031083501875400543
-0.044740479439496994
0.035850927233695984
0.06731101870536804
-0.06746069341897964
0.04067685455083847
0.007497258484363556
-0.04318413883447647
-0.03858711197972298
0.07704299688339233
0.07376854121685028
0.05144403874874115
0.019121438264846802
-0.020009327679872513
0.07394295930862427
-0.018533334136009216
-0.016352005302906036
0.02157614380121231
0.06153653562068939
-0.03134985268115997
-0.0801241472363472
-0.0408647283911705
0.007310502231121063
0.026308156549930573
-0.06902725249528885
-0.004179015755653381
-0.0519074909389019
0.025728747248649597
0.04655039310455322
0.06363609433174133
0.017034105956554413
0.05313825607299805
0.04116100072860718
-0.06834180653095245
0.07846590876579285
0.014919266104698181
-0.056898944079875946
0.050300583243370056
0.0017376840114593506
-0.02290596440434456
-0.012608185410499573
0.056816816329956055
0.07950466871261597
-0.039894960820674896
0.06701409816741943
-0.0016813799738883972
-0.04107635095715523
-0.05578358471393585
-0.037807896733284
0.04218825697898865
0.04259265214204788
0.0579410046339035
-0.05261337757110596
-0.06464232504367828
0.07065947353839874
0.051989346742630005
-0.050639327615499496
0.08016762137413025
-0.03138928487896919
0.05666729807853699
0.005918711423873901
-0.06501248478889465
0.02344263345003128
0.024231120944023132
0.07120350003242493
-0.041858721524477005
-0.007255293428897858
-0.0809001475572586
-0.0004849731922149658
0.07386051118373871
0.034819550812244415
0.03175603598356247
0.06217926740646362
-0.06422444432973862
-0.017590895295143127
0.01701977103948593
0.07145228981971741
0.013817407190799713
-0.048645246773958206
0.019353508949279785
0.005364619195461273
-0.06767885386943817
-0.019798394292593002
0.04027585685253143
0.006689481437206268
0.06487007439136505
0.049828484654426575
0.03548123687505722
0.02638190984725952
0.07376442849636078
-0.008563995361328125
0.04122906178236008
0.04614487290382385
-0.07631725072860718
0.06880797445774078
-0.06370650976896286
0.015000365674495697
-0.04282509163022041
-0.03206055611371994
-0.0649278312921524
-0.06447233259677887
-0.07715032249689102
0.05335201323032379
0.04558882117271423
-0.03233230486512184
-0.03311590105295181
-0.06682031601667404
-0.052282676100730896
0.013490311801433563
-0.07812220603227615
0.04175335913896561
0.018259398639202118
-0.034987691789865494
-0.019654717296361923
-0.04067157953977585
-0.06998227536678314
0.059378862380981445
-0.042003292590379715
0.015617318451404572
0.0367494598031044
0.07895207405090332
0.025930732488632202
0.05589549243450165
0.005973681807518005
-0.0041879042983055115
-0.003282412886619568
-0.058570072054862976
-0.055203892290592194
0.014258675277233124
-0.02551518753170967
0.06391145288944244
0.07920122146606445
-0.005674764513969421
-0.017445869743824005
-0.017649151384830475
0.06402146816253662
-0.035812705755233765
-0.01095271110534668
-0.05894218757748604
-0.009209394454956055
-0.07241687178611755
-0.06370566785335541
-0.03949166461825371
-0.009743824601173401
0.05357900261878967
-0.05427004024386406
-0.04935283586382866
-0.017497293651103973
-0.021142050623893738
0.0017605200409889221
0.07469570636749268
-0.016755208373069763
0.023824341595172882
-0.06697513163089752
-0.03158947080373764
0.05275619029998779
0.03969063609838486
-0.04607344791293144
-0.06573587656021118
0.02019476890563965
0.05512155592441559
0.012996181845664978
0.07966811954975128
-0.0609695166349411
-0.00661323219537735
-0.002794310450553894
-0.02121565490961075
0.050677165389060974
0.060094237327575684
0.05212044715881348
0.06925560534000397
0.06758253276348114
-0.0001916438341140747
0.06608539819717407
0.04658903181552887
0.04497350752353668
-0.0513693243265152
-0.010701596736907959
-0.049226026982069016
-0.0392463356256485
0.012125536799430847
0.08063232898712158
-0.007814958691596985
0.02889307588338852
-0.07686029374599457
-0.010175272822380066
0.03706692159175873
0.04273275285959244
0.0772368460893631
-0.02435552328824997
0.010366320610046387
-0.043565783649683
0.07280868291854858
0.02224479615688324
-0.0022724494338035583
-0.026100777089595795
0.01605156809091568
0.06137695908546448
0.01094229519367218
-0.04101359099149704
-0.06723285466432571
0.0016310513019561768
0.06353102624416351
-0.04612446948885918
0.041383832693099976
-0.023533061146736145
0.0129457488656044
0.05448886752128601
-0.049013927578926086
0.04320255666971207
0.073096364736557
0.04339088499546051
0.025025315582752228
-0.07487481832504272
-0.029849711805582047
0.020789019763469696
0.001904502511024475
0.06992481648921967
0.041875116527080536
0.0009708553552627563
0.054083555936813354
-0.08072271943092346
-0.055303193628787994
0.038483552634716034
0.011371538043022156
-0.05641772598028183
-0.0800277441740036
0.06978961825370789
-0.06845610588788986
-0.0005652010440826416
-0.00169382244348526
-0.03275494650006294
-0.010088250041007996
-0.0014860257506370544
-0.006882116198539734
-0.019756052643060684
0.05794334411621094
-0.04805297777056694
-0.01894400268793106
0.0453370064496994
0.07271687686443329
-0.05186213552951813
0.07790474593639374
0.0001986473798751831
0.04751470685005188
0.0038086026906967163
0.06189630925655365
0.00808030366897583
-0.006659150123596191
0.007422231137752533
0.025289267301559448
0.031613826751708984
-0.055065181106328964
-0.07039646804332733
-0.06615360081195831
-0.012252852320671082
0.05297291278839111
0.08126898109912872
0.05256295204162598
0.014044173061847687
-0.07011254876852036
0.004750162363052368
-0.039557017385959625
-0.030213549733161926
-0.03730884566903114
-0.07304377108812332
-0.0037644729018211365
0.07739156484603882
-0.030923746526241302
-0.058768924325704575
0.006159238517284393
0.05909085273742676
0.05929917097091675
-0.005716301500797272
-0.046377550810575485
0.07155404984951019
-0.06134776771068573
0.02333959937095642
0.01066455990076065
0.017551332712173462
-0.06926330924034119
0.034538090229034424
0.008331216871738434
0.057628050446510315
0.0346178263425827
-0.021200381219387054
0.06425304710865021
0.007415749132633209
-0.01617962121963501
-0.0775211825966835
0.08035406470298767
0.07022978365421295
-0.049427617341279984
-0.04759426414966583
-0.06134249269962311
-0.003916352987289429
-0.03163566440343857
-0.024451501667499542
0.03966023027896881
0.008857578039169312
0.037520237267017365
-0.06429314613342285
0.07416652143001556
0.035159751772880554
-0.06626445055007935
0.025288157165050507
-0.07566192001104355
-0.056115590035915375
0.06979683041572571
-0.0035988464951515198
0.07434695959091187
-0.0780043974518776
0.055625393986701965
0.04558299481868744
0.06657525897026062
-0.06117952615022659
0.036000363528728485
-0.06932380050420761
0.0704234391450882
0.05967305600643158
0.06329773366451263
-0.02279415726661682
0.039328061044216156
0.07526716589927673
0.0751681923866272
0.02847876399755478
0.03544445335865021
-0.012972526252269745
-0.07457110285758972
0.007242798805236816
-0.06930040568113327
0.027903877198696136
-0.0790647342801094
-0.02031533420085907
0.06663447618484497
-0.016981877386569977
0.04650479555130005
0.08153039216995239
0.007841996848583221
-0.0020900890231132507
-0.0556667223572731
0.03179602324962616
0.06506605446338654
-0.008872710168361664
0.06536071002483368
0.07416120171546936
0.07655781507492065
-0.07338932156562805
0.0314304381608963
-0.07691626250743866
0.06506127119064331
0.0660070925951004
0.06137062609195709
-0.03477935865521431
-0.06824157387018204
0.06969214975833893
-0.07870446145534515
-0.03888979181647301
-0.07276745140552521
-0.04842434823513031
0.038135528564453125
-0.06153829023241997
-0.0008781254291534424
-0.018448367714881897
-0.018346436321735382
0.06335021555423737
-0.04485176131129265
-0.06353442370891571
0.048454612493515015
0.0670413076877594
-0.07422848790884018
-0.03422645106911659
-0.07767875492572784
-0.029009945690631866
-0.04772694781422615
0.015184730291366577
-0.08002503961324692
0.05791039764881134
-0.007955692708492279
0.04524432122707367
0.039862871170043945
-0.04778014123439789
-0.002763621509075165
0.015904486179351807
-0.020990412682294846
-0.03696990758180618
-0.01692488044500351
0.060571134090423584
-0.05796508118510246
-0.07402049750089645
0.012672856450080872
-0.04730631038546562
0.02221418172121048
0.07917849719524384
0.06453081965446472
0.028371289372444153
0.0206824392080307
0.03695135563611984
0.002738356590270996
-0.036031968891620636
-0.07323790341615677
-0.05806563049554825
-0.08102396130561829
0.01715383678674698
-0.029763076454401016
0.08108727633953094
-0.02076878398656845
-0.008212350308895111
0.07646390795707703
0.0446818470954895
0.019004926085472107
-0.06307259202003479
0.047409430146217346
0.04136008769273758
-0.05764681100845337
0.04291509836912155
-0.006383754312992096
-0.06854425370693207
0.06647646427154541
0.033891186118125916
-0.051585450768470764
-0.028971266001462936
-0.02964731678366661
-0.008254863321781158
-0.05414967983961105
0.05652253329753876
-0.037767305970191956
-0.009359940886497498
0.016756191849708557
0.024448007345199585
-0.07352708280086517
-0.011520877480506897
-0.05074110999703407
-0.07408244162797928
0.03592320531606674
-0.009629972279071808
-0.029063042253255844
-0.011166900396347046
-0.04072447121143341
-0.06776516139507294
-0.013234488666057587
0.03725656867027283
0.03692759573459625
0.022875159978866577
-0.045780133455991745
-0.05118131265044212
-0.05301504582166672
-0.050767138600349426
0.07006211578845978
-0.05100969225168228
0.018313251435756683
0.017918668687343597
0.045498549938201904
-0.066310815513134
0.04497896134853363
0.058166950941085815
-0.009203612804412842
0.00027992576360702515
-0.06552696228027344
-0.015147276222705841
0.0040962547063827515
-0.05570066720247269
-0.014724478125572205
0.03321667015552521
-0.02278786152601242
-0.06179562211036682
0.06357477605342865
0.06733645498752594
0.011614233255386353
-0.07209286838769913
-0.04508071020245552
-0.0021339207887649536
-0.06589474529027939
0.010794609785079956
-0.07989020645618439
0.035294175148010254
0.052558913826942444
-0.0675751268863678
-0.04679777845740318
0.06752607226371765
0.04245481640100479
-0.0438636839389801
-0.03600605949759483
-0.04593651741743088
-0.022850584238767624
-0.0010548010468482971
0.05392859876155853
-0.0032202452421188354
0.06531637907028198
-0.06236261874437332
0.01848933845758438
0.061713144183158875
-0.07009140402078629
0.03007877618074417
-0.008028291165828705
0.03233177214860916
0.011728674173355103
-0.03228503838181496
-0.02404535561800003
0.03201448917388916
-0.06837965548038483
0.016673274338245392
0.001588977873325348
-0.018470659852027893
-0.01592589169740677
0.011930868029594421
-0.042387284338474274
-0.014353930950164795
-0.03661450371146202
0.07201893627643585
0.005517594516277313
0.0011311545968055725
0.02818770706653595
0.016438551247119904
0.030760474503040314
-0.04242980107665062
-0.048525601625442505
-0.06515751034021378
-0.03535528481006622
0.0756189376115799
-0.010378636419773102
0.05600515007972717
0.061448872089385986
0.02983579784631729
0.06166660785675049
-0.0581323504447937
0.0011657848954200745
0.0777323991060257
-0.02600035071372986
0.04343116283416748
-0.01689060777425766
-0.0018598586320877075
-0.05596529692411423
0.0798393040895462
0.0059984102845191956
0.058843642473220825
-0.02395312488079071
0.04434177279472351
-0.0466323122382164
0.07080815732479095
0.013454973697662354
0.0664193332195282
0.032516203820705414
0.04043012112379074
0.05046515166759491
0.04706430435180664
0.02770538628101349
0.04426346719264984
0.07913006842136383
0.05165258049964905
0.01054360717535019
0.03649462014436722
0.01906473934650421
0.05108323693275452
-0.04511936008930206
0.020662181079387665
-0.033708520233631134
-0.053233277052640915
-0.00380832701921463
0.06561844050884247
0.050605177879333496
-0.013882502913475037
0.03720618784427643
-0.04945151135325432
-0.062134258449077606
0.046835362911224365
0.03610061854124069
0.0343502014875412
-0.07768039405345917
-0.05910608917474747
-0.07116809487342834
-0.07042882591485977
0.0018519088625907898
-0.012278147041797638
0.005514360964298248
0.053542643785476685
0.06570829451084137
-0.06457468867301941
0.07926595211029053
-0.02421649917960167
-0.014277555048465729
0.02306302636861801
-0.061635565012693405
-0.07900441437959671
-0.0632999986410141
-0.05549639090895653
-0.0287461020052433
-0.05700448155403137
-0.0008114352822303772
0.015862680971622467
-0.0500028133392334
0.006406262516975403
-0.005518302321434021
0.06541527807712555
0.014922857284545898
-0.0596076101064682
0.008541561663150787
-0.021953921765089035
0.021351724863052368
0.06400775909423828
-0.02392101287841797
-0.0337861143052578
-0.035314686596393585
0.028637558221817017
0.07227425277233124
-0.03502810373902321
-0.08053948730230331
0.06026749312877655
-0.045562826097011566
0.033142998814582825
0.010941311717033386
-0.03540455549955368
0.025887712836265564
-0.016763843595981598
-0.04009725898504257
0.07217171788215637
-0.04099734500050545
-0.03822450339794159
0.027168162167072296
0.06654439866542816
-0.06641609221696854
-0.018889009952545166
-0.05244651809334755
0.050568461418151855
0.005696430802345276
-0.02200818806886673
0.05327308177947998
-0.055658429861068726
0.01691218465566635
0.035409972071647644
-0.08073773980140686
-0.03193439170718193
-0.07285633683204651
-0.0057777464389801025
0.07570250332355499
0.017362341284751892
0.06429934501647949
0.057222843170166016
-0.024900786578655243
-0.05147956311702728
0.039352111518383026
0.059313952922821045
-0.021794382482767105
-0.042446210980415344
-0.02495139092206955
-0.0647728443145752
-0.025505024939775467
0.04273856431245804
0.03334358334541321
-0.023534268140792847
-0.0428413487970829
-0.018945962190628052
0.041052184998989105
0.06990273296833038
-0.04376332461833954
-0.04351429641246796
0.021405033767223358
0.023005343973636627
0.07792487740516663
-0.07993453741073608
-0.029818128794431686
-0.005860224366188049
-0.03757607564330101
0.08096979558467865
0.07416564226150513
-0.06717024743556976
0.0625409185886383
-0.004622757434844971
-0.005028173327445984
0.038300253450870514
-0.036902960389852524
0.020903483033180237
0.07414917647838593
0.056193217635154724
0.061105042695999146
-0.04653517156839371
-0.004429452121257782
0.07176682353019714
-0.034365348517894745
-0.008064590394496918
0.021743610501289368
-0.007012560963630676
-0.024342849850654602
0.0007892027497291565
0.04864475131034851
-0.06691231578588486
0.07592478394508362
0.018583208322525024
0.00839899480342865
0.013192638754844666
0.03942210227251053
0.0471062958240509
0.035370923578739166
0.049365848302841187
-0.06739196181297302
-0.05111132934689522
-0.07011144608259201
0.03651506453752518
0.017477452754974365
0.059259071946144104
0.0008747875690460205
-0.012768454849720001
-0.07218293845653534
0.06422144174575806
-0.036883797496557236
0.023076698184013367
0.016577698290348053
0.03484611213207245
0.052103906869888306
-0.06830205768346786
0.05742576718330383
0.059822067618370056
-0.016730427742004395
0.007720783352851868
-0.03900858014822006
0.056350454688072205
-0.05396115034818649
-0.0021930932998657227
0.06213200092315674
-0.07488914579153061
0.0032568275928497314
-0.07142635434865952
-0.012284919619560242
0.03759822994470596
0.022280842065811157
0.06368550658226013
0.0410354882478714
0.0347280278801918
-0.024205859750509262
-0.06310155987739563
-0.0713527500629425
0.0737941563129425
0.0694039911031723
-0.005011767148971558
-0.03941004350781441
0.050355419516563416
-0.029675543308258057
-0.05528958514332771
0.011259324848651886
0.009000904858112335
0.03256142884492874
-0.06094704568386078
0.02178381383419037
0.02179773896932602
0.06764358282089233
0.06636089086532593
0.027096658945083618
0.048326313495635986
0.0026149973273277283
-0.08074265718460083
-0.031133461743593216
0.04399314522743225
-0.06106998771429062
-0.026566725224256516
-0.07188276201486588
-0.02333863452076912
-0.038615357130765915
0.02747323364019394
0.014465302228927612
-0.05048142373561859
0.01766553521156311
-0.042978499084711075
0.06466786563396454
-0.06925421953201294
0.011620253324508667
-0.06514938920736313
-0.002563074231147766
0.08020980656147003
0.00030028820037841797
-0.04645305126905441
0.0028805285692214966
-0.032854724675416946
-0.020789097994565964
0.03806358575820923
0.009982571005821228
-0.01228649914264679
-0.05292334780097008
-0.027984756976366043
-0.01971178501844406
-0.010415136814117432
0.0019352063536643982
-0.07733038812875748
0.06151480972766876
0.019896119832992554
-0.046833813190460205
0.00944102555513382
0.0106034055352211
0.002201668918132782
-0.008173368871212006
-0.03135044872760773
-0.029317133128643036
-0.06559106707572937
0.002635873854160309
0.06106017529964447
-0.05884797126054764
-0.06891784816980362
-0.07123220711946487
-0.05902871862053871
0.028001651167869568
0.07128334045410156
-0.05824974551796913
-0.057248011231422424
-0.0028284117579460144
0.0466795414686203
0.02349710464477539
-0.08005315065383911
0.01637996733188629
0.020960621535778046
0.06213033199310303
-0.07758193463087082
-0.050575368106365204
-0.028237007558345795
-0.019468829035758972
0.060101985931396484
-0.037524595856666565
0.058794617652893066
-0.024518810212612152
0.027347415685653687
-0.018090084195137024
0.02611270546913147
0.04671540856361389
0.05178157985210419
0.00823734700679779
-0.04686392843723297
-0.058688826858997345
0.07680442929267883
0.07559114694595337
0.07435750961303711
-0.05814699828624725
