0.015081696212291718
-0.028957650065422058
0.0026136040687561035
0.08988545089960098
-0.040180087089538574
0.07822868973016739
0.0348784402012825
0.05823349207639694
0.036099873483181
-0.0837690532207489
0.08100961893796921
-0.02816222608089447
-0.020610429346561432
-0.10875866562128067
0.013881035149097443
0.025097496807575226
0.09533847123384476
0.018989451229572296
-0.09737911820411682
0.033048115670681
-0.05748286843299866
0.046694107353687286
-0.04607997089624405
-0.030554011464118958
0.07968103140592575
-0.033749379217624664
-0.08499914407730103
-0.10697751492261887
0.05580747872591019
0.02892034500837326
0.10581580549478531
0.04830203205347061
-0.011421620845794678
-0.04756443202495575
0.08256807178258896
0.0947326049208641
0.06451427191495895
0.05579609423875809
-0.015185870230197906
-0.006380647420883179
0.07081533223390579
0.10623881965875626
-0.05051344633102417
-0.028164170682430267
0.047124288976192474
0.10082497447729111
0.08655930310487747
-0.06957320868968964
-0.09375998377799988
-0.04777805507183075
-0.07585179805755615
-0.059717025607824326
-0.062460340559482574
-0.012264788150787354
-0.07372743636369705
0.04880731552839279
-0.0802777037024498
0.017572708427906036
0.06951835006475449
0.06898199766874313
-0.0937352329492569
-0.06373488903045654
0.04689667373895645
0.04409501701593399
-0.08591897785663605
-0.01643890142440796
0.010949373245239258
-0.020497269928455353
0.0848623737692833
0.0025466158986091614
-0.1003774106502533
-0.033882275223731995
-0.0171034038066864
0.09505537897348404
0.04359779506921768
-0.005706429481506348
0.003924377262592316
0.021694786846637726
0.04536087065935135
-0.05733812600374222
-0.09616629034280777
-0.10140442103147507
-0.09556945413351059
-0.055570337921381
0.11000265926122665
0.10486846417188644
-0.01029563695192337
-0.06487780809402466
0.052035339176654816
-0.08668241649866104
-0.10702590644359589
0.020685292780399323
0.005018085241317749
-0.03240681439638138
0.0054538920521736145
0.007908813655376434
0.08931439369916916
-0.07557623088359833
-0.08045605570077896
-0.048779960721731186
-0.10604251176118851
0.10832478851079941
0.07221796363592148
0.01633474975824356
0.06894002109766006
-0.03596184402704239
-0.006838902831077576
0.09122347086668015
-0.033681727945804596
0.10163354128599167
-0.030264191329479218
0.04533032327890396
-0.049964841455221176
0.0351487472653389
0.10880472511053085
0.012059211730957031
-0.09848442673683167
0.07329531759023666
-0.02585919201374054
0.07581339031457901
-0.07329803705215454
-0.06106596067547798
-0.056911833584308624
0.002686113119125366
0.08886296302080154
0.04517016559839249
0.04803810268640518
0.08051864057779312
-0.02144010365009308
0.08764941245317459
0.07536251097917557
-0.025067038834095
0.08794029802083969
0.07522252947092056
0.03222062438726425
0.009021632373332977
-0.09676901251077652
0.011270374059677124
0.03559423238039017
-0.08055244386196136
-0.09179383516311646
0.027468107640743256
0.03865169733762741
0.06457266956567764
-0.06342404335737228
0.08183643966913223
0.022468484938144684
-0.0661763921380043
0.015347294509410858
-0.007175751030445099
-0.06428826600313187
0.018577463924884796
-0.03767715394496918
-0.07061414420604706
-0.010251112282276154
-0.03121119737625122
0.027045495808124542
-0.059710703790187836
0.10331473499536514
0.08039974421262741
-0.006934866309165955
-0.10038400441408157
0.020869262516498566
0.00962325930595398
0.09763450175523758
-0.03970342129468918
-0.0021212399005889893
0.003580920398235321
-0.06962594389915466
-0.07802598923444748
0.01237160712480545
-0.06501829624176025
0.06897101551294327
-0.08441716432571411
-0.04911798611283302
-0.050187427550554276
0.08623471111059189
-0.09957704693078995
0.010644063353538513
0.09313618391752243
-0.051821980625391006
0.05713566392660141
-0.09182719141244888
0.006117932498455048
0.019452594220638275
0.06052275747060776
0.10005389899015427
0.052946172654628754
-0.10480735450983047
0.06748702377080917
0.10253836959600449
-0.07512783259153366
-0.08104627579450607
0.004388570785522461
0.004008971154689789
0.016588695347309113
0.02330545336008072
0.008353903889656067
0.006325528025627136
-0.012910507619380951
0.08455082029104233
0.0761018618941307
0.054936014115810394
-0.029726557433605194
0.03126210719347
0.07262713462114334
-0.09262003749608994
-0.07535365223884583
-0.06929710507392883
0.09575419872999191
0.01929142326116562
0.04168132692575455
-0.046020738780498505
-0.014097914099693298
-0.08276070654392242
-0.026016995310783386
-0.01471567153930664
-0.0079326331615448
-0.014191098511219025
-0.1048538014292717
0.09838531166315079
-0.09830475598573685
0.0008840188384056091
-0.0353764072060585
-0.05546664074063301
0.016289658844470978
0.0009491443634033203
-0.08054596930742264
-0.08918757736682892
-0.09285999834537506
-0.035361289978027344
0.011136360466480255
0.10575679689645767
-0.06336736679077148
0.028010256588459015
0.039710111916065216
0.09650310128927231
0.05887597054243088
0.10824447125196457
-0.03943373262882233
0.0380413755774498
-0.003259919583797455
0.04370763152837753
-0.09702344238758087
-0.09230519831180573
-0.04024051874876022
-0.015021994709968567
0.08155456930398941
-0.07375948131084442
0.10722803324460983
0.08826301246881485
0.01675482839345932
-0.08711139112710953
-0.09068036079406738
0.015041761100292206
-0.09089849144220352
-0.03921718895435333
-0.08386899530887604
-0.09549519419670105
-0.02746213972568512
0.07899437099695206
0.02491699904203415
0.06865064054727554
0.058453269302845
0.01900530606508255
0.014378033578395844
0.04723500460386276
-0.10959886759519577
0.03381756693124771
0.04356656223535538
0.007444515824317932
-0.06430110335350037
-0.018193788826465607
0.09794164448976517
0.058761291205883026
0.10308677703142166
-0.05392605438828468
-0.061787571758031845
0.057562388479709625
0.04316679388284683
0.012300029397010803
-0.06368544697761536
0.03775870054960251
0.09366223961114883
-0.04177127778530121
-0.05385350435972214
-0.020980730652809143
-0.012138843536376953
0.012458518147468567
0.03992987424135208
0.08217956870794296
-0.04973822832107544
0.07023151963949203
0.09554076939821243
0.01649317890405655
-0.043369077146053314
-0.07626499235630035
-0.01977173238992691
0.03274736553430557
-0.0013837143778800964
-0.06475777924060822
0.0038678348064422607
-0.016402989625930786
-0.030597269535064697
0.10620119422674179
0.01730596274137497
0.10173331946134567
0.08348647505044937
-0.06430578231811523
0.011208407580852509
0.005635574460029602
0.08237742632627487
0.0315905436873436
-0.08183278143405914
0.10699570924043655
-0.04183784872293472
-0.09420112520456314
-0.08380268514156342
0.0007917135953903198
0.09683463722467422
0.029427506029605865
-0.03206636756658554
-0.0906144306063652
0.01515226811170578
-0.09152393788099289
-0.03050026297569275
0.0785822942852974
-0.04433761537075043
0.08673185855150223
-0.03672007471323013
-0.07011796534061432
0.0907340720295906
-0.01439175009727478
-0.011066220700740814
0.014153771102428436
-0.03160754591226578
0.004390597343444824
0.09796362370252609
-0.09483077377080917
0.10317917913198471
0.04278168827295303
0.012367106974124908
-0.09377110004425049
-0.00973626971244812
-0.005359120666980743
0.07006717473268509
-0.10824690014123917
-0.062167126685380936
-0.04516814649105072
0.02077566832304001
-0.0778924748301506
0.11003118008375168
0.025578252971172333
0.03394799679517746
-0.06534016132354736
-0.08540269732475281
-0.011510536074638367
0.05602569133043289
0.02217847853899002
0.09943132847547531
0.03947349637746811
-0.09645985066890717
0.05744854360818863
0.01707305759191513
0.10521913319826126
-0.01259583979845047
0.08292657881975174
0.09433143585920334
-0.004299856722354889
-0.08408031612634659
-0.05303838849067688
-0.10788366943597794
0.0698082372546196
-0.09920817613601685
-0.09211541712284088
-0.10094870626926422
0.04885410517454147
-0.011390529572963715
-0.0030039995908737183
0.09746349602937698
-0.035196468234062195
0.00021932274103164673
0.10476063936948776
0.08298198133707047
-0.06972768902778625
0.06004904955625534
-0.06790968775749207
0.054516859352588654
-0.08398088067770004
0.04145870357751846
0.043417952954769135
-0.059392888098955154
0.03978487104177475
-0.05067635327577591
-0.06542132794857025
0.01795949786901474
-0.03337744623422623
-0.03585772216320038
0.09291993826627731
-0.007362134754657745
-0.0418475940823555
0.09330300241708755
0.029174871742725372
0.030504263937473297
0.05725257843732834
0.008053570985794067
-0.016173414885997772
-0.03795389086008072
0.08118795603513718
-0.05169476941227913
-0.025165215134620667
0.08906865864992142
0.0071425661444664
-0.07254941761493683
0.10199042409658432
0.07782594114542007
0.033485047519207
0.0011145994067192078
-0.10524816811084747
-0.04426049441099167
-0.06534504145383835
0.030495889484882355
-0.03647544980049133
0.036352626979351044
-0.08021722733974457
-0.08600351214408875
-0.08484949916601181
0.0905371829867363
0.10899215191602707
-0.0602729469537735
-0.04503900557756424
0.10593544691801071
-0.08569370955228806
-0.08963833749294281
0.10755410045385361
0.07268130034208298
-0.02142157405614853
-0.085150346159935
-0.025941483676433563
-0.04374723881483078
-0.10314042866230011
0.008448414504528046
-0.0882953405380249
0.02059748023748398
0.10525026172399521
-0.06982181966304779
0.05869012326002121
0.06448132544755936
-0.04231145977973938
-0.0486537404358387
-0.07884034514427185
0.015338264405727386
-0.02232871949672699
-0.035858891904354095
0.017528317868709564
0.0856189951300621
0.019843779504299164
-0.025635093450546265
0.042305029928684235
-0.04812907055020332
0.03268001228570938
0.02465977519750595
0.0471111461520195
0.01781073957681656
-0.04463901370763779
-0.08158505707979202
-0.10968116670846939
-0.0541677288711071
0.06655032187700272
-0.06408368051052094
-0.08004306256771088
0.08518845587968826
0.0250793918967247
-0.05044855549931526
-0.021352075040340424
0.00558800995349884
-0.045204006135463715
-0.00424068421125412
0.007878221571445465
0.04920255392789841
-0.02214141935110092
-0.009341135621070862
0.03817107528448105
-0.09782947599887848
-0.08043055981397629
0.07955821603536606
0.05791356414556503
0.10591261833906174
-0.0713520497083664
-0.07930268347263336
-0.07766124606132507
-0.109917052090168
-0.045388929545879364
0.07505648583173752
0.10300982743501663
0.10552651435136795
0.0979219302535057
0.004054322838783264
-0.06114243343472481
0.0866096094250679
-0.019702672958374023
0.08259903639554977
-0.07574900984764099
-0.08897532522678375
-0.08855411410331726
-0.08505421876907349
-0.05498862639069557
-0.10882497578859329
-0.05071857199072838
0.022109143435955048
0.05476029962301254
-0.028576798737049103
0.08429106324911118
0.06505440920591354
-0.029703833162784576
0.0834801122546196
-0.007477089762687683
-0.06098414212465286
0.05122155696153641
-0.05839594453573227
-0.007744282484054565
-0.08084435760974884
-0.062415990978479385
-0.0032748952507972717
-0.013615936040878296
0.010855011641979218
0.047287918627262115
-0.10940711200237274
0.06181938201189041
0.012294135987758636
-0.10174871981143951
-0.06697213649749756
0.0577685609459877
-0.017563149333000183
-0.08810415118932724
0.102382592856884
0.04586675018072128
0.02265804260969162
0.08510946482419968
-0.061946045607328415
-0.025421977043151855
-0.021187759935855865
-0.07711797952651978
0.04194919019937515
-0.012856796383857727
-0.07740247994661331
0.10407077521085739
-0.05643124133348465
-0.007872849702835083
0.10266677290201187
-0.035332344472408295
0.004038766026496887
-0.08364932239055634
0.04556048661470413
-0.0453406497836113
-0.03967694193124771
-0.0383811891078949
0.08174765855073929
-0.06656762957572937
-0.027326665818691254
-0.091099813580513
0.08935355395078659
-0.015260167419910431
-0.016293592751026154
-0.013477489352226257
0.06965763121843338
0.10182172805070877
-0.1031532809138298
-0.058561764657497406
-0.0303218811750412
0.02429809421300888
0.024127565324306488
0.10149941593408585
0.005017004907131195
-0.11006975919008255
-0.10425185412168503
0.004892706871032715
0.05322960764169693
0.010378971695899963
0.005072243511676788
-0.03912849724292755
-0.0968002900481224
0.08790933340787888
-0.08628752082586288
0.09714796394109726
-0.05225881561636925
-0.02507946640253067
-0.09089802950620651
-0.07746714353561401
-0.013116389513015747
-0.10187019407749176
-0.030101746320724487
-0.10272444784641266
0.07840105146169662
-0.04146629571914673
0.06668248027563095
-0.10390915721654892
-0.08006657660007477
0.08056340366601944
-0.10492416471242905
0.08219877630472183
0.073318712413311
0.026583798229694366
0.0009076222777366638
-0.05386439338326454
-0.07054678350687027
0.01672396808862686
-0.039557673037052155
0.10681452602148056
-0.08698193728923798
-0.069327712059021
0.022002868354320526
0.07337384670972824
-0.05019133538007736
-0.08030154556035995
-0.07624034583568573
-0.008819490671157837
-0.10888515412807465
0.04238394647836685
-0.10596790909767151
0.036331407725811005
0.09212901443243027
-0.025395765900611877
0.005583338439464569
-0.06328746676445007
0.0817645862698555
-0.017204903066158295
0.0983855202794075
-0.0921887457370758
0.08903972059488297
0.06448592990636826
0.06882867962121964
-0.054216593503952026
-0.09021224081516266
0.0649421438574791
-0.1095440611243248
-0.06504325568675995
-0.10672826319932938
-0.06321941316127777
-0.09793552756309509
-0.05960441380739212
0.02240600436925888
0.07706784456968307
0.024807102978229523
-0.0018323734402656555
-0.09185673296451569
-0.012919463217258453
0.04890163987874985
-0.05618881434202194
0.05209384113550186
-0.021908141672611237
0.0710524395108223
0.09584122151136398
0.012853272259235382
0.06420276314020157
0.04921247810125351
0.0035135000944137573
-0.0954623743891716
0.10295116156339645
-0.02836974710226059
0.04105716198682785
0.07435803860425949
-0.09558886289596558
-0.08905832469463348
0.013727538287639618
-0.05850899964570999
-0.0029603615403175354
0.02556697279214859
-0.09439665824174881
-0.04483844339847565
-0.074159637093544
-0.004766114056110382
0.09092234820127487
-0.09201349318027496
-0.028390787541866302
0.04922916740179062
-0.028421930968761444
0.03537406772375107
0.040690816938877106
0.01085539162158966
0.07636875659227371
-0.10026877373456955
-0.01281808316707611
-0.05566167086362839
0.054059527814388275
-0.03713163733482361
0.02610412985086441
0.1079256609082222
0.051191918551921844
-0.10251370072364807
-0.049179911613464355
0.09607874602079391
-0.09570616483688354
0.08285466581583023
0.017036937177181244
-0.050365857779979706
-0.08136817067861557
0.04012905806303024
0.05123921483755112
0.07885626703500748
-0.03165562450885773
0.10740581899881363
-0.009809210896492004
-0.016235262155532837
-0.04415631294250488
-0.017796248197555542
0.01892208307981491
-0.08644920587539673
0.02468637377023697
-0.012936219573020935
-0.013694636523723602
-0.0895131453871727
-0.06829946488142014
-0.10298880189657211
0.09002167731523514
-0.025665804743766785
-0.0628291442990303
0.06272708624601364
-0.05158016085624695
0.07839078456163406
-0.09190278500318527
0.007533349096775055
0.07165365666151047
0.037575863301754
0.023021258413791656
0.005039386451244354
-0.0008854940533638
-0.08156366646289825
0.0933164730668068
-0.06342640519142151
-0.10402325540781021
-0.09820715337991714
-0.06355109810829163
-0.08102713525295258
0.10246505588293076
0.009296968579292297
-0.10418650507926941
0.04573064297437668
-0.10354235768318176
-0.0520780012011528
-0.08473920822143555
0.03705199807882309
-0.024833038449287415
-0.06849927455186844
0.008212491869926453
0.023324929177761078
0.0002233758568763733
-0.05185616761445999
-0.02454453706741333
0.052525632083415985
-0.06212516129016876
-0.02474042773246765
-0.09557920694351196
-0.002573154866695404
-0.07111992686986923
-0.01917388290166855
0.047648511826992035
0.03151949495077133
0.06706396490335464
0.04594213515520096
-0.0026399195194244385
0.017442263662815094
-0.047303207218647
0.1033158078789711
0.08492415398359299
-0.06584262102842331
-0.037032678723335266
0.0252251997590065
0.045715562999248505
0.04225160926580429
0.023751340806484222
0.011722847819328308
-0.05455758050084114
-0.0904729887843132
0.0445261225104332
-0.05300083011388779
0.06058702617883682
0.06044495850801468
0.059619493782520294
0.03622414916753769
0.035747744143009186
-0.09460943937301636
0.051581643521785736
-0.04169708490371704
-0.03587234765291214
0.04527857154607773
-0.10874681919813156
0.007549121975898743
-0.09061846882104874
0.09130410104990005
-0.042782217264175415
0.0508149191737175
-0.03118470311164856
0.08129102736711502
0.09221182018518448
0.019834138453006744
-0.0972926989197731
-0.05690630525350571
0.10133343189954758
-0.04929343983530998
0.10548991709947586
0.0030703842639923096
-0.04440949112176895
0.09575583785772324
0.0580001100897789
-0.0641162097454071
0.04853706806898117
-0.00954686850309372
0.0524502769112587
-0.0189310684800148
0.025387786328792572
-0.03443057835102081
-0.09424925595521927
0.09958276897668839
-0.10899046808481216
-0.10701470822095871
-0.055851489305496216
0.01560724526643753
0.05382362753152847
-0.0019452348351478577
