0.03268202394247055
0.0751815065741539
-0.0482817217707634
0.053292833268642426
-0.02641180157661438
-0.05925031751394272
-0.10597694665193558
0.07123849540948868
-0.015414461493492126
-0.03867137432098389
-0.06782691180706024
-0.09675805270671844
-0.07960660755634308
-0.08117964118719101
0.0038195475935935974
-0.08208823204040527
0.09569389373064041
0.10650081187486649
0.013343960046768188
-0.008150383830070496
-0.03385116904973984
0.0651007667183876
-0.10739580541849136
-0.022051170468330383
0.05560033768415451
-0.0749044418334961
0.010455243289470673
-0.028485827147960663
0.09815425425767899
0.047240905463695526
-0.011269979178905487
-0.03578731417655945
0.05678822845220566
-0.03540266305208206
-0.08925552666187286
0.005576863884925842
0.03870696574449539
0.05559743195772171
-0.0012825876474380493
0.0073791369795799255
0.06669817119836807
-0.003718242049217224
0.022674955427646637
0.05152372270822525
-0.08402398228645325
0.08464271575212479
0.05285579711198807
-0.05121077597141266
0.021654240787029266
0.06593114882707596
0.019709639251232147
0.014829248189926147
0.016964755952358246
-0.09295941889286041
-0.030249707400798798
-0.07570554316043854
0.10370854288339615
-0.06854786723852158
-0.015818171203136444
0.032520510256290436
0.028619416058063507
0.023295454680919647
-0.08110108971595764
0.08382292836904526
0.021071843802928925
0.04225120693445206
-0.016031883656978607
-0.029758282005786896
0.055117882788181305
-0.10891161113977432
0.029814578592777252
0.10737255960702896
0.017325960099697113
0.09814663976430893
-0.027163520455360413
0.052872247993946075
-0.08792848140001297
-0.013984858989715576
-0.035825006663799286
0.03369631618261337
0.03074675053358078
0.026787079870700836
-0.022768139839172363
-0.00849907100200653
-0.09982436895370483
0.01986677199602127
0.09131423383951187
-0.024751588702201843
0.015739738941192627
0.08719304949045181
-0.1008048728108406
0.05016700178384781
0.058693669736385345
0.013295814394950867
-0.05103254318237305
0.08818816393613815
0.026341773569583893
-0.02141081541776657
0.023692764341831207
-0.017593257129192352
0.057963140308856964
0.0011299625039100647
0.037641607224941254
0.09956920892000198
-0.008761078119277954
-0.07601010054349899
0.00716843456029892
0.05656486004590988
-0.0031814798712730408
0.03375142067670822
-0.0699513852596283
0.031923167407512665
0.0047363340854644775
0.09075441211462021
-0.07477757334709167
-0.060536861419677734
-0.07194484770298004
0.10465160757303238
-0.0006878003478050232
0.004823066294193268
-0.008137382566928864
-0.10408845543861389
-0.09361826628446579
0.04947230964899063
0.0982431098818779
-0.08411189168691635
0.0528513565659523
-0.04159732162952423
0.058471210300922394
0.04170658439397812
0.029895804822444916
-0.015421107411384583
0.024001337587833405
0.02209017425775528
0.10163936764001846
-0.03909655660390854
0.08438879996538162
0.06279284507036209
-0.04026661813259125
-0.09345346689224243
0.050356425344944
-0.04103300720453262
-0.050251539796590805
0.05189210921525955
0.06540628522634506
-0.10220742225646973
-0.028875604271888733
-0.03827352076768875
0.03621920198202133
0.10680115967988968
0.1016366258263588
-0.0014947578310966492
0.09480700641870499
-0.09079455584287643
0.05330248922109604
0.09661243110895157
0.10610821098089218
-0.09063266962766647
-0.03752024471759796
0.07357532531023026
-0.10581435263156891
0.10327834635972977
-0.0026220381259918213
-0.007722489535808563
0.07250268012285233
0.08915457874536514
0.023866571485996246
0.10244303196668625
-0.014776751399040222
0.10472419112920761
-0.04870299994945526
0.03903704136610031
-0.08882498741149902
0.023644067347049713
0.034298621118068695
0.02802165597677231
-0.03806338459253311
-0.06468051671981812
0.014454521238803864
0.0030234307050704956
0.0820760503411293
0.09944768995046616
-0.041364461183547974
0.05022270232439041
-0.017365194857120514
0.05648580938577652
0.06250268965959549
-0.06405214220285416
-0.10067085176706314
0.0007493197917938232
0.10197985917329788
-0.08418354392051697
-0.029088422656059265
0.08884736150503159
-0.0865769311785698
-0.003256462514400482
-0.08385200798511505
-0.05062038451433182
-0.08788006752729416
-0.022687368094921112
-0.010615840554237366
-0.009904146194458008
-0.0445195734500885
-0.09896290302276611
-0.03591148555278778
-0.020016558468341827
-0.04274541884660721
0.07056394964456558
-0.022927232086658478
0.10822088271379471
-0.049684468656778336
0.02207537740468979
-0.0071165114641189575
-0.10207249224185944
-0.07615170627832413
-0.09003186225891113
-0.012226767838001251
0.09728320688009262
0.027521081268787384
-0.06341131031513214
0.0432296022772789
0.10179824382066727
0.09673134237527847
0.01960652321577072
0.05130641907453537
0.05809880048036575
-0.06334279477596283
0.07881192117929459
-0.04247424006462097
-0.0538528747856617
-0.07613444328308105
-0.016940534114837646
0.016449563205242157
0.019110597670078278
0.018964730203151703
-0.017416857182979584
0.02688855677843094
0.018997974693775177
-0.03344213217496872
-0.031442075967788696
-0.049824848771095276
-0.09547826647758484
-0.054915450513362885
0.07480979710817337
-0.04079446196556091
0.004370413720607758
0.09175007790327072
-0.0936342254281044
-0.013197444379329681
0.04902728646993637
0.007038295269012451
0.06866829842329025
0.09973851591348648
-0.08932820707559586
-0.020480938255786896
0.0531005933880806
-0.08503562211990356
0.06311707943677902
-0.03706306219100952
-0.03707503527402878
-0.06989413499832153
-0.002663351595401764
0.007868319749832153
0.05420965701341629
-0.014481157064437866
-0.020219705998897552
-0.02054266631603241
-0.014061883091926575
-0.06603775918483734
-0.04295606166124344
0.05049142986536026
-0.0029256343841552734
-0.037574879825115204
0.07942960411310196
-0.06086770072579384
0.008509084582328796
-0.06325383484363556
-0.027580752968788147
-0.10704994201660156
-0.09826160222291946
0.07409205287694931
-0.014336638152599335
0.029688365757465363
-0.10612275451421738
-0.0622427798807621
-0.012477241456508636
0.07549340277910233
0.10176359862089157
0.07865384966135025
0.026557736098766327
-0.0977071076631546
0.013204686343669891
-0.10488976538181305
0.016744159162044525
-0.09976361691951752
0.0015873908996582031
0.09358479827642441
-0.007606141269207001
-0.07686420530080795
-0.007249005138874054
-0.07260692119598389
0.07276634126901627
0.02253039926290512
-0.02674870193004608
-0.05377882719039917
-0.08148181438446045
0.038510821759700775
0.07387351244688034
0.10157083719968796
0.06076372414827347
0.02580595761537552
-0.013641677796840668
-0.043270401656627655
-0.08623115718364716
-0.00028423964977264404
-0.026717960834503174
-0.08666001260280609
0.0922161266207695
-0.09491351991891861
0.10371249169111252
0.06912975758314133
0.08637198060750961
0.06605865806341171
-0.003958739340305328
-0.0529390424489975
0.017144285142421722
0.06433136016130447
-0.0700557678937912
0.036413006484508514
0.1044553890824318
-0.061467938125133514
0.048576779663562775
-0.06453732401132584
0.0010944083333015442
-0.07409593462944031
0.09550996869802475
0.06482883542776108
0.07619427889585495
0.04947721213102341
-0.07920560985803604
0.019136063754558563
0.06568592041730881
0.011778764426708221
0.09735117107629776
-0.05351623147726059
-0.08139616250991821
0.03025428205728531
-0.02675110101699829
0.08999430388212204
-0.01443394273519516
-0.04183623939752579
0.08299645036458969
-0.042666494846343994
0.06477130204439163
0.03856033831834793
0.03187405318021774
0.016033954918384552
0.028653912246227264
-0.012945592403411865
0.05964712053537369
0.08354087918996811
-0.06690040975809097
0.0650031641125679
-0.044755853712558746
-0.024168238043785095
0.02475082129240036
-0.04290851205587387
0.09276098757982254
0.08316142112016678
0.09097450226545334
-0.0875401496887207
-0.003408469259738922
-0.0358542874455452
0.005937732756137848
0.08117518573999405
-0.007484905421733856
0.08742208033800125
-0.024100452661514282
-0.019791416823863983
-0.07949761301279068
-0.020031385123729706
-0.0012900382280349731
-0.0017101317644119263
0.039197973906993866
-0.03950904309749603
-0.052521925419569016
-0.1020476222038269
0.040474213659763336
-0.01987145096063614
-0.04879585653543472
0.006701312959194183
-0.05028793215751648
0.08905508369207382
-0.04995858669281006
0.059765659272670746
0.032732777297496796
-0.02092808485031128
-0.030359730124473572
-0.09811786562204361
-0.017158567905426025
-0.07967743277549744
0.10200481861829758
-0.015470847487449646
0.08553969115018845
0.026295535266399384
0.0393676832318306
-0.07880405336618423
-0.08313705027103424
-0.08701349049806595
-0.007136844098567963
-0.040390707552433014
0.008592121303081512
-0.03898552805185318
0.023960493505001068
0.0002527087926864624
-0.08024109899997711
-0.041434697806835175
0.04556044191122055
0.10570713132619858
0.08753525465726852
0.01194223016500473
0.056383080780506134
-0.005819648504257202
0.09380144625902176
0.05685883015394211
0.08333448320627213
0.07468543201684952
0.0009487047791481018
-0.06942494213581085
-0.05720512941479683
0.03171486407518387
-0.100926473736763
0.002951100468635559
0.05253755301237106
0.008936099708080292
0.019123785197734833
0.026695989072322845
0.05852068215608597
-0.07896238565444946
-0.061472464352846146
-0.10736695677042007
0.09523657709360123
-0.05711529031395912
0.02360590547323227
0.09264028817415237
-0.02304571121931076
0.07310336083173752
-0.02656148374080658
-0.05099772661924362
-0.057063888758420944
-0.029280729591846466
0.045631684362888336
-0.05216610059142113
-0.018815718591213226
-0.011494554579257965
-0.10892951488494873
0.016643621027469635
0.09192626923322678
0.07535576075315475
-0.0114622563123703
-0.1074444130063057
0.051092199981212616
-0.09027384966611862
0.03782730549573898
-0.07120909541845322
-0.05367361381649971
0.023840032517910004
0.06326385587453842
-0.08551888912916183
-0.036340489983558655
0.04213618487119675
-0.03420628607273102
-0.010187871754169464
-0.026915714144706726
0.099579818546772
-0.10571826994419098
-0.03248893469572067
0.04803171008825302
0.055568866431713104
0.04516199976205826
-0.0442245751619339
-0.09938634932041168
0.07943996042013168
-0.07725074887275696
0.0025922954082489014
-0.0011701583862304688
-0.006461337208747864
0.007007971405982971
0.08946142345666885
-0.00020812451839447021
0.035435713827610016
-0.0008333101868629456
-0.008396513760089874
0.016548313200473785
-0.04220696538686752
-0.08794836699962616
0.03663700073957443
0.06617323309183121
0.027922816574573517
0.0008757710456848145
0.010664001107215881
0.020769260823726654
-0.003264293074607849
0.08760107308626175
0.025951005518436432
0.09477990120649338
0.07225116342306137
-0.06866391003131866
0.09098873287439346
-0.10012664645910263
0.06868880242109299
0.020987115800380707
0.06598151475191116
-0.07421797513961792
-0.0192691832780838
-0.03283863514661789
0.05829349905252457
0.07056427747011185
-0.10634180158376694
0.07634634524583817
0.06191124767065048
-0.053748324513435364
0.035812728106975555
-0.03634025901556015
0.010083198547363281
0.05240171402692795
0.09649021178483963
-0.07762433588504791
0.017729230225086212
0.008445784449577332
-0.08560839295387268
-0.003931671380996704
-0.013248443603515625
-0.07665613293647766
0.012800730764865875
-0.06901898980140686
-0.09698493033647537
-0.06512866914272308
-0.09594283998012543
-0.05047016963362694
-0.03138543665409088
0.09770210832357407
0.0365406796336174
-0.05216261371970177
-0.1050751730799675
-0.004142455756664276
-0.035745181143283844
-0.08292315155267715
-0.06181558594107628
-0.028771914541721344
-0.09394290298223495
0.09575255960226059
0.10733088105916977
-0.08689707517623901
-0.053802721202373505
0.08208198100328445
0.10533105581998825
-0.0042190030217170715
-0.05446804314851761
0.0373210683465004
0.040368907153606415
-0.10400518029928207
0.09029572457075119
0.053086571395397186
0.10859767347574234
-0.04625938832759857
0.01891634613275528
-0.04566744714975357
0.07585758715867996
0.006302326917648315
0.07931368798017502
-0.08360940217971802
-0.05363023653626442
0.020625077188014984
0.06750673800706863
-0.06340587139129639
0.021764107048511505
0.02735844999551773
0.0564313605427742
-0.056017205119132996
0.014797613024711609
0.018461428582668304
0.006734676659107208
-0.07328744232654572
0.002613365650177002
-0.06909283995628357
-0.045968227088451385
-0.04467576742172241
-0.029653199017047882
0.09694650024175644
-0.07319886237382889
0.014790438115596771
-0.09608063101768494
-0.008587650954723358
-0.066318579018116
0.1078948900103569
-0.03143863379955292
0.06815575808286667
0.0795513466000557
-0.0332610160112381
0.049720339477062225
-0.046391792595386505
0.03252384811639786
-0.034629955887794495
-0.08333403617143631
0.0045201778411865234
-0.040117159485816956
-0.0004686489701271057
0.10853499919176102
-0.06782969832420349
0.1004747673869133
-0.09706229716539383
-0.08407071232795715
-0.018205225467681885
0.0437004491686821
0.0892212763428688
0.005890026688575745
0.07977684587240219
0.025614343583583832
0.07623717933893204
-0.048940349370241165
0.019867204129695892
-0.09629229456186295
-0.06648509204387665
0.06384218484163284
-0.031785354018211365
-0.06684023141860962
0.035652048885822296
-0.049672242254018784
0.0777115449309349
-0.041980892419815063
0.06862696260213852
0.10381074994802475
0.016456730663776398
-0.026921294629573822
-0.063560850918293
0.062181271612644196
0.0721110925078392
-0.08509445190429688
-0.06467798352241516
-0.040697962045669556
-0.04814134165644646
0.061983443796634674
-0.06150517612695694
-0.07179941236972809
0.029376886785030365
0.05139864236116409
-0.040042176842689514
-0.08264405280351639
0.08392637223005295
0.023675493896007538
-0.09629229456186295
0.04525359719991684
-0.036658599972724915
0.005562186241149902
0.09042701870203018
-0.04589065909385681
-0.08628630638122559
0.08842336386442184
0.07730583101511002
-0.07060210406780243
0.05355166643857956
-0.0749296098947525
-0.01220768690109253
0.07307633012533188
-0.07711166143417358
0.09593813866376877
-0.006175912916660309
-0.05018792301416397
-0.07601486146450043
-0.05633430927991867
0.08062467724084854
0.04334539920091629
-0.0172843337059021
0.09474169462919235
0.0723966583609581
0.08844970911741257
0.05245500057935715
0.03002610057592392
-0.0449855774641037
-0.0845484510064125
-0.04681326821446419
0.04292551428079605
0.0168595090508461
-0.02890368551015854
0.09250197559595108
0.06998784095048904
0.002637729048728943
-0.1004776880145073
-0.1053251251578331
0.02712913602590561
-0.029424414038658142
-0.047656357288360596
0.001391977071762085
-0.052091337740421295
-0.04605256766080856
0.10063611716032028
-0.04629892855882645
0.02372952550649643
-0.04468744993209839
0.05410415679216385
-0.07471685111522675
0.08057183772325516
0.061444662511348724
-0.036795273423194885
-0.05324358493089676
-0.030526570975780487
0.010814063251018524
-0.10337129980325699
0.04856257885694504
-0.04590897262096405
0.07017973810434341
-0.010105490684509277
0.051598988473415375
-0.053401876240968704
-0.08919959515333176
0.0741497203707695
-0.10371444374322891
0.08375484496355057
0.0010221898555755615
-0.04783044010400772
0.07281097024679184
-0.05084735527634621
-0.006502114236354828
-0.005786009132862091
-0.023228444159030914
0.03517932444810867
0.07200423628091812
0.09237145632505417
-0.09005682170391083
0.03637205809354782
-0.0627383291721344
-0.016102343797683716
0.05318547040224075
0.0592716708779335
0.0946124717593193
-0.04984728619456291
0.061429671943187714
-0.00148019939661026
-0.027919970452785492
0.07768847793340683
0.006778702139854431
-0.049710921943187714
0.016413159668445587
0.024492822587490082
0.016078807413578033
0.10697732120752335
0.09345719963312149
0.01561427116394043
-0.07566961646080017
0.05776577442884445
0.040744535624980927
0.056471772491931915
0.07942824810743332
-0.02259114384651184
-0.08403542637825012
-0.10628300160169601
-0.04981755465269089
-0.026592783629894257
-0.08367438614368439
-0.10409396886825562
0.08351104706525803
-0.054243702441453934
0.09638097137212753
-0.037363722920417786
-0.006057865917682648
0.04845067113637924
-0.09037642180919647
0.034757666289806366
-0.009508803486824036
0.019658543169498444
-0.09425550699234009
-0.08128125965595245
0.05696409195661545
-0.056151267141103745
0.10495825856924057
0.04016818851232529
0.01551460474729538
0.04114940017461777
-0.0684439018368721
0.012419633567333221
0.0735807940363884
-0.10079848766326904
-0.05758078023791313
-0.09679073840379715
-0.002907373011112213
-0.10193990170955658
-0.016850203275680542
-0.010585807263851166
-0.07915197312831879
0.03524688631296158
0.013909496366977692
0.029693789780139923
-0.021990127861499786
0.011982254683971405
-0.00038138777017593384
0.010520592331886292
-0.049886852502822876
-0.01737917959690094
-0.08823956549167633
-0.07793623954057693
-0.07136444747447968
0.0014205798506736755
-0.07303017377853394
-0.08194446563720703
-0.02652909606695175
-0.05590621754527092
-0.10353556275367737
0.03768501430749893
-0.031865738332271576
0.012704551219940186
-0.015456385910511017
0.00283774733543396
0.07157158106565475
0.022176899015903473
-0.04948750510811806
0.02465226501226425
-0.09773705899715424
0.025157220661640167
0.03346378356218338
0.07636237889528275
-0.0045000165700912476
-0.09397149085998535
0.08700982481241226
0.0583101287484169
0.048497818410396576
-0.06544573605060577
0.09973109513521194
0.06747990101575851
-0.0711061954498291
0.08847560733556747
-0.09763460606336594
0.07551894336938858
0.10345450788736343
-0.07719405740499496
-0.08093457669019699
-0.07608430087566376
-0.05977415293455124
0.04017718881368637
0.06880762428045273
